95
5272 393026 2
2789 205886 5
34432 9999920 222
7800 282033 2
0 100 2
9628 221919 9
121 121 11
2228 961000 6
9332 549970 6
6311 744038 5
4370 274443 1
2590 45700 5
3725 832955 1
9046 160519 7
2519 171840 3
8892 186601 5
0 1000000000000000000 1000000000
5759 165757 6
2428 914457 2
1405 52064 3
3976 759716 7
9523 81976 5
22322 22322 1
6916 519450 6
100000 1000000000000000000 3
3286 977701 4
9286 976503 2
8135 346033 4
646 753992 3
8764 690922 4
5630 555906 6
1616 875376 6
6153 882984 8
2035 587687 6
1002 914907 8
4131 988357 1
9412 458712 2
21345 4441283 13
1363 123520 8
9352 507517 9
490 499674 1
8229 384684 2
4945 279540 7
3207 523325 2
4609 64949 8
3376 156586 6
1056 45030 4
6760 325542 7
1813 539974 3
999 99999 78788
258 978067 6
7668 468727 8
1712 931656 3
4401 792858 5
2851 217912 4
9929 160753 4
0 132 1
4766 385349 3
4827 379304 8
8129 512819 4
9597 30751 2
2871 611476 1
6673 645665 9
2675 641763 3
7977 626769 9
9325 343906 8
121 131 1
1209 371972 7
10 22322 2
7597 115191 5
7558 716225 8
2965 769993 4
2433 588437 7
5992 237133 9
9705 834597 8
400 793131 4
981 265444 4
121 132 1
1396 974496 5
1000000000 1000000000000000000 1
886 56750 8
39 1000000 3
3491 376189 1
3263 62970 1
2684 313879 3
3459 893118 8
1516 476245 5
7243 39232 6
2499 989424 7
5230 55195 9
3748 207521 4
0 1000000000000000000 1
852 514597 2
5579 763362 2
8989 909410 5
