100
7243 39232 6
9046 160519 7
9352 507517 9
258 978067 6
1516 476245 5
3459 893118 8
0 100 2
9628 221919 9
9412 458712 2
7558 716225 8
646 753992 3
121 121 11
5992 237133 9
6153 882984 8
1813 539974 3
4827 379304 8
10 22322 2
21345 4441283 13
2590 45700 5
2965 769993 4
8229 384684 2
4945 279540 7
7668 468727 8
9286 976503 2
0 1000000000000000000 1000000000
1363 123520 8
6916 519450 6
981 265444 4
5759 165757 6
5630 555906 6
9332 549970 6
7597 115191 5
6311 744038 5
8135 346033 4
6366 921028 2
7998 968182 1
9523 81976 5
4401 792858 5
2871 611476 1
8989 909410 5
3207 523325 2
2684 313879 3
0 1000000000000000000 1
2428 914457 2
7977 626769 9
3491 376189 1
3748 207521 4
3263 62970 1
4370 274443 1
3725 832955 1
2675 641763 3
4609 64949 8
2789 205886 5
6673 645665 9
34432 9999920 222
5272 393026 2
8764 690922 4
1209 371972 7
4766 385349 3
9325 343906 8
8129 512819 4
0 132 1
2851 217912 4
9705 834597 8
400 793131 4
1405 52064 3
886 56750 8
5230 55195 9
3286 977701 4
2035 587687 6
7800 282033 2
22322 22322 1
1616 875376 6
852 514597 2
1002 914907 8
2499 989424 7
1396 974496 5
4131 988357 1
100000 1000000000000000000 3
1056 45030 4
999 99999 78788
121 132 1
121 131 1
8892 186601 5
1108 708286 6
3376 156586 6
39 1000000 3
490 499674 1
9385 146808 1
1712 931656 3
2519 171840 3
2433 588437 7
5579 763362 2
8439 865622 9
6760 325542 7
9929 160753 4
1000000000 1000000000000000000 1
9597 30751 2
2228 961000 6
3976 759716 7
