140
7978637850082394 1024 22802172123808
1 100000000000000 1
5801198987948677 1 70368744177664
1729275734325338 63403380965376 63403380965376
3092457657185781 25002010040401 25002010040401
4956802234175743 1024 26527529942192
4057143417081538 1 6449519346910
125365228555385 1024 30427548315330
6719459558873986 1 16926659444736
2809328966946300 43589145600 87178291200
9557209069771066 100000000000000 68630377364883
5558458627495659 66465861139202 33232930569601
1323483873693369 1 63403380965376
1545027324811677 100000000000000 70368744177664
3923923702261740 8284345 68630377364883
8237671538335836 70368744177664 70368744177664
10000000000000000 100000000000000 100000000000000
2437628857554660 7341998451923 7341998451923
1 1 100000000000000
9456254273467896 17299511718750 8649755859375
1 1 1
6431555603234132 61481755526488 30740877763244
4907565407446707 1 20922789888000
8183862203356573 1024 19683000000000
4964984112450525 1 70368744177664
1955956786605941 100000000000000 78815638671875
4691008483180627 5000081 25000810006561
682006794736861 100000000000000 72301961339136
3790993168102941 506499 256541685239
6434840539661788 68630377364883 68630377364883
7139469367738584 1024 70368744177664
2153378219847858 1 33810709084918
5905801402071967 14885956176794 7442978088397
554525518773583 1 33232930569601
2 1000 21
5997660666946813 1 34522712143931
5097737569321485 479001600 479001600
9083404165324821 1024 68630377364883
6383257118485845 1024 8649755859375
2728421549958231 1 19683000000000
9748827030806050 1024 24735577260964
7097244136104483 9841500000000 19683000000000
549272132540399 34315188682441 68630377364883
9097408342656967 10169691612912 10169691612912
987167199658077 39407819335937 78815638671875
2 10 15
1305212947273788 1024 95367431640625
1183285539955761 1024 33232930569601
4406193344033647 17261356071965 34522712143931
4975798819057893 9955444843161 19910889686322
101005818667322 47683715820312 95367431640625
159458195402290 1 78815638671875
7433795353278884 4114202 16926659444736
10000000000000000 1 1
9430833402171940 2941046 8649755859375
420631209826027 25000000000049 50000000000099
10000000000000000 1 100000000000000
7018057135807426 1 4152056209523
6484800645104629 12759436007649 12759436007649
2304373138604162 1 8649755859375
2421215303998735 35184372088832 70368744177664
6876226145435252 70368744177664 70368744177664
3458200962002097 5001072 25010241046367
3084471975739350 78815638671875 78815638671875
2443512765844572 1024 78815638671875
4772104393662465 4324877929687 8649755859375
3933401501131444 1583772 2508334748344
7651349789687136 1 68630377364883
9892927848870478 1256196 1578028880639
9535724291337961 1024 37570497397422
2839756841473377 8503056 72301961339136
9190109471860068 95367431640625 95367431640625
1178958566583207 26078194235612 13039097117806
4601088719630461 1024 34522712143931
1266235845607106 7043376 49609148308130
1642139909849649 9910730327618 19821460655237
2307723553134389 100000000000000 95367431640625
6163450870773829 4436552 19683000000000
1955993549259809 69045424287862 34522712143931
9388926100747180 72301961339136 72301961339136
6216972752844045 5000688 25007320533799
8194255636743274 1024 63403380965376
9736313924871606 1 30075216899195
9494477278866934 100000000000000 70368744177664
6921585550763423 5875603 34522712143931
8325774488434671 6317 39916800
5390182923626953 100000000000000 63403380965376
8910889600022716 8388608 70368744177664
9660376237290745 19683000000000 19683000000000
2767714422977207 36601193127934 18300596563967
5567637368317169 1024 2285836865082
3171890234801000 1805237902048 3610475804096
9935388915226261 1024 16926659444736
3592934363394235 16616465284800 33232930569601
4253778347508789 20657969884827 20657969884827
4025887738729469 7962624 63403380965376
2231471972387078 46012285572832 23006142786416
7054095339731166 5700576181870 5700576181870
7846136170944327 25011581335340 25011581335339
3 1 7
8610354298293307 1 29187662238191
3344922509979244 21882052921816 43764105843632
5535522214793979 1 72301961339136
4507180134518821 86412533053704 43206266526852
7834028470296347 50000000000222 50000000000221
6324908199112306 24184018228668 48368036457337
9870191238696961 5493048878272 5493048878272
1962304609558625 50572262654374 25286131327187
7775487835233988 31701690482688 63403380965376
7117977023719697 1024 70368744177664
192995057432267 33232930569601 33232930569601
984895193239 1024 72301961339136
1880562906193106 1024 113699629659
7731665904290063 8877817 78815638671875
8825929955224137 36150980669568 72301961339136
2725928344557981 2615348736000 1307674368000
10000000000000000 100000000000000 1
8715672689556453 8388608 70368744177664
8001074047669074 9765625 95367431640625
8375784369353371 33853318889472 16926659444736
5145899690109675 5000010 25000110000121
2772221531449876 39366000000000 19683000000000
8848062487117869 8463329722368 16926659444736
3099334831939438 34522712143931 34522712143931
8567315913168907 16926659444736 16926659444736
9202553134952456 1 95367431640625
9644707651241752 8649755859375 8649755859375
9043313561692507 6360897399538 12721794799076
6422601154093160 5600049 31360555588038
4284664135202806 5764801 33232930569601
4947906064717927 962735 926859496999
50 50000 3628800
4416552402883112 1024 6227020800
4459018620202436 2798306399090 1399153199545
5906797186026687 20006529501296 40013059002592
1226009534834816 35184372088832 70368744177664
2925421208210374 78971074580 157942149161
9145741285468430 1024 48778407514912
6431978859689816 5000262 25004570171213
1 100000000000000 100000000000000
