65
6
22 27 23 26 24 29
32
11 25 23 15 20 1 40 4 35 65 55 23 22 2 4 59 58 17 53 24 37 61 19 38 67 34 3 8 66 8 29 17
3
27 23 2
74
49 86 46 19 41 64 77 65 64 15 41 85 80 22 87 57 75 34 30 31 80 37 86 87 86 69 80 84 56 12 10 89 67 84 13 93 98 10 14 94 15 64 19 98 24 44 1 22 68 47 75 1 85 73 46 62 52 47 3 36 90 23 9 36 72 47 70 47 52 87 15 43 38 83
7
28 23 21 9 1 8 28
18
30 57 43 57 9 23 78 70 9 20 10 16 55 30 72 4 25 62
2
5 6
3
7 7 1
99
28 20 21 35 98 58 94 27 18 9 44 21 1 71 11 35 55 17 46 5 12 66 24 71 80 53 35 3 67 71 74 38 8 72 70 61 22 62 33 59 57 81 79 63 43 51 76 66 80 16 41 95 75 97 90 73 45 9 40 77 72 25 93 69 13 78 81 7 7 53 62 76 57 61 32 45 50 33 30 28 63 61 98 65 20 82 57 79 43 73 20 82 89 94 62 5 16 39 96
6
26 28 26 5 23 7
1
2
97
32 20 85 90 13 47 39 16 85 77 43 87 45 34 51 81 13 66 18 28 3 35 52 86 95 76 33 45 43 61 18 55 4 10 98 37 22 78 50 27 24 48 86 23 50 69 11 99 82 82 81 39 75 63 86 44 31 44 27 83 83 52 22 71 54 23 54 13 48 32 6 89 7 50 10 94 40 51 86 84 73 42 33 27 89 14 17 33 74 60 97 80 6 14 6 49 94
60
97 6 96 87 45 20 65 63 90 12 48 23 99 44 53 50 70 52 28 24 97 83 99 4 27 24 30 81 14 72 26 23 14 23 8 89 87 60 61 71 84 25 46 77 71 37 99 21 6 31 25 29 2 73 8 24 44 18 24 5
7
27 28 6 23 24 28 8
5
2 4 5 1 4
47
36 99 54 96 31 74 20 73 87 60 3 33 22 80 90 44 65 95 67 97 74 69 30 33 89 25 34 26 4 34 90 3 75 42 94 22 5 11 57 13 54 31 65 65 33 79 28
8
1 7 7 4 5 9 3 3
28
16 62 28 87 33 37 38 81 55 32 26 29 62 31 85 49 88 52 19 92 61 91 10 40 5 31 60 81
28
17 70 43 68 98 23 46 9 51 51 46 5 60 20 42 22 26 78 93 72 67 7 84 39 86 69 54 55
71
66 19 4 98 77 60 35 65 22 8 72 26 18 75 19 70 13 48 46 69 72 4 47 67 70 79 20 4 32 64 96 32 71 66 60 35 62 49 59 79 80 6 14 72 36 12 86 80 64 80 6 39 43 59 36 44 83 82 4 73 22 90 20 78 6 45 53 77 52 75 99
39
55 68 84 79 7 84 82 49 30 51 96 4 86 36 56 35 56 76 88 75 95 89 47 82 82 68 91 24 40 13 7 66 82 45 52 20 42 36 49
8
26 6 4 28 25 22 8 2
39
33 7 14 84 94 58 71 43 12 61 14 88 21 32 58 94 32 30 80 13 4 20 7 17 31 65 36 80 41 18 51 46 26 9 18 53 50 24 80
6
2 9 7 6 4 2
50
1 2 3 4 5 6 7 8 9 10 11 12 13 14 15 16 17 18 19 20 21 22 23 24 25 26 27 28 29 30 31 32 33 34 35 36 37 38 39 40 41 42 43 44 45 46 47 48 49 50
3
9 4 1
4
9 2 7 9
4
27 24 23 9
2
27 5
9
9 4 1 5 1 9 8 5 7
12
64 62 56 86 33 35 27 47 64 74 39 65
7
4 2 5 6 4 2 1
4
3 9 9 4
6
4 6 3 1 8 2
6
23 27 21 3 28 1
55
82 28 24 35 89 31 41 54 79 8 20 26 70 29 88 47 61 61 26 97 61 44 78 97 24 30 19 33 12 51 54 36 95 74 77 57 80 51 92 21 54 4 83 35 78 85 10 60 32 6 59 73 62 55 92
4
3 1 3 7
89
97 23 37 90 97 40 98 78 74 76 13 18 6 33 61 3 63 61 94 82 33 61 86 5 75 40 66 9 35 79 78 36 22 46 95 19 70 31 64 42 44 60 50 43 32 37 58 24 45 11 65 4 42 47 26 44 48 39 92 44 42 1 74 23 69 22 73 63 49 7 44 29 1 40 69 15 34 35 28 62 7 34 56 49 65 11 47 60 38
4
6 6 2 5
2
6 5
9
8 1 4 7 8 6 2 5 4
5
3 5 8 4 3
5
25 5 9 9 24
4
26 25 28 7
6
9 2 9 2 4 1
9
3 7 23 2 8 9 26 28 1
3
13 10 11
1
29
1
3
41
78 30 2 69 66 81 81 60 93 18 78 62 18 91 47 84 60 81 53 86 28 29 52 69 2 14 79 77 81 35 4 89 35 43 73 36 67 23 19 77 67
7
5 7 9 3 9 1 5
9
24 24 2 7 26 23 3 26 9
6
26 21 6 1 1 26
1
42
50
3 4 3 4 3 4 3 4 3 4 3 4 3 4 3 4 3 4 3 4 3 4 3 4 3 4 3 4 3 4 3 4 3 4 3 4 3 4 3 4 3 4 3 4 3 4 3 4 3 4
3
7 9 7
7
3 4 3 5 9 8 9
4
1 3 3 7
4
21 28 25 2
8
9 2 9 2 1 2 1 8
59
65 69 5 43 9 91 17 60 84 20 78 53 35 66 20 66 40 73 97 23 90 45 70 6 85 86 50 5 16 85 28 90 8 24 17 48 90 96 66 99 16 81 68 45 76 1 15 32 13 66 38 51 32 36 55 97 23 24 34
7
6 8 9 2 7 9 8
1
2
3
5 50 42
9
6 3 2 2 8 9 5 6 8
