10000 10000
1 9098 1 1
2 9569 5
1 6667 5 5
1 1324 7 5
1 6947 5 9
2 5719 6
2 5914 3
2 7219 6
1 5050 1 5
2 6441 5
1 8986 5 6
1 6001 6 5
2 9423 7
1 3791 9 2
1 3410 9 4
1 9474 7 6
1 2838 3 6
2 3708 1
2 2089 6
2 2258 7
1 8247 8 6
2 6849 9
2 6879 6
1 3008 9 1
1 3559 8 8
2 5215 9
1 100 6 8
2 3720 0
2 9905 6
1 7265 2 1
1 409 3 9
1 6180 6 9
2 8191 1
2 1361 5
1 9309 3 3
1 3755 1 0
2 6771 3
1 6103 9 2
2 938 9
1 6658 6 4
2 1187 8
2 628 2
1 2864 0 5
1 3939 8 9
1 243 3 1
1 1799 1 4
2 7454 6
2 8880 7
1 3942 2 6
2 2941 9
1 4579 0 7
1 8143 4 9
1 1406 0 9
1 320 4 0
1 6103 7 4
2 1748 4
2 7834 3
1 8973 3 0
2 9643 0
2 6063 3
2 9187 2
2 5126 9
2 8342 8
1 5914 4 4
1 416 2 6
2 7143 4
1 2855 3 7
2 9665 8
2 3147 7
1 9769 0 6
1 2837 2 8
1 5734 0 0
1 8197 6 8
1 3903 5 9
1 7838 8 8
2 9772 4
2 3259 5
2 1628 8
1 8209 2 5
2 2828 1
2 3200 4
1 6770 2 4
1 5567 1 9
2 2652 2
2 5012 7
2 9389 3
1 8163 2 5
1 9224 9 2
2 9846 8
2 1714 7
2 8095 0
1 3784 4 3
1 200 7 4
1 6100 1 1
1 3960 4 2
1 3391 4 3
1 5973 7 1
2 3556 1
2 2818 2
2 3678 2
2 6310 1
1 6080 9 4
2 3331 0
2 2258 1
1 598 9 7
2 591 4
1 8722 7 9
2 873 1
2 4127 4
1 5554 1 6
2 987 2
1 1072 7 8
2 3067 7
1 2757 2 2
2 8956 6
2 7329 1
2 6277 5
2 2554 0
2 6037 0
2 6538 8
1 1500 5 4
2 7163 8
1 6278 1 8
1 2086 5 4
1 9394 1 5
1 9528 3 6
1 6466 0 2
1 9850 1 2
1 2138 7 3
1 8509 0 6
2 2509 3
2 1221 8
1 8068 1 4
1 2975 5 1
1 7993 3 8
2 2596 5
2 9106 4
1 1931 2 1
2 6769 5
1 5881 5 2
1 4644 7 1
2 3413 0
1 378 6 2
2 5500 6
1 4784 7 1
2 2824 6
2 9637 8
1 9246 5 2
1 121 9 5
2 7111 4
2 4004 3
1 1090 1 8
2 8769 3
2 9162 8
2 8662 3
1 2077 3 2
1 7539 0 5
1 2628 0 1
2 9994 0
1 2777 3 0
2 3517 7
2 915 6
2 3446 3
2 8457 7
2 9837 6
2 2975 7
1 9889 8 4
2 8801 5
1 9250 1 4
1 8582 0 4
1 6682 5 6
2 7609 4
2 7196 4
2 8009 2
1 8898 8 5
2 6752 0
1 7335 6 7
1 2873 4 2
2 7233 8
1 7093 4 0
2 2573 3
1 2349 2 0
2 4964 2
2 9391 5
1 109 4 7
1 5186 7 0
1 5102 0 7
2 6532 3
2 7920 8
1 625 5 6
1 9262 1 7
1 3082 4 5
2 7026 5
2 6416 9
1 8835 5 9
1 1891 7 3
1 1536 6 0
1 5192 0 3
1 4700 9 4
2 9652 4
2 9843 1
2 6906 6
2 8068 4
2 2598 6
1 7533 4 6
1 1229 8 3
1 4556 4 2
1 5088 9 2
2 3586 5
2 6085 2
2 658 1
1 486 1 8
1 7795 6 2
2 7688 7
1 2023 6 3
2 9850 9
2 6613 8
2 178 5
2 3996 8
1 4380 5 9
1 8154 1 8
1 9517 4 9
1 6156 3 5
1 8827 5 3
1 2578 4 8
1 9173 8 1
1 2082 7 4
2 3230 4
2 4889 9
1 3362 1 0
2 6986 8
1 8710 8 0
2 2512 2
1 7201 2 9
2 3279 9
2 3132 2
2 2738 6
1 8544 2 3
1 1831 7 3
1 69 7 6
1 7671 5 8
2 775 0
1 4747 7 2
1 599 1 2
1 6155 0 7
2 7903 7
1 7075 8 7
2 6115 5
1 751 1 9
1 1236 4 2
1 9530 0 0
1 6325 2 3
1 2367 0 2
2 1765 6
2 8086 4
2 7676 5
1 1145 6 7
1 4178 1 7
2 8196 2
2 9302 3
1 1244 4 6
2 376 2
1 5178 9 2
2 6138 7
2 6059 0
2 9135 4
2 1402 4
2 8428 9
1 1556 2 2
1 3408 2 8
2 4342 9
1 3616 5 5
2 2215 1
1 4972 2 6
2 3136 2
2 4852 8
1 8139 5 7
2 8151 4
1 2789 2 7
2 5742 9
1 8818 9 9
2 3980 8
2 6997 4
2 8516 6
1 8839 7 8
2 2214 5
2 9459 4
2 9864 0
1 5206 9 5
2 8551 6
2 2683 6
2 5118 2
2 6437 2
1 4220 5 9
2 9372 5
1 8259 6 0
2 621 4
2 2086 8
1 6313 0 6
2 7197 2
2 4549 8
2 5188 5
1 7737 3 7
1 499 7 3
1 8542 7 7
1 1506 1 5
2 7900 7
1 3942 7 8
1 9113 7 4
1 8127 5 1
1 7129 4 6
1 2038 4 5
2 7585 4
2 8757 5
2 1033 5
2 6556 8
2 4294 1
2 5264 6
2 948 0
2 2070 0
2 8788 3
1 4359 4 6
2 9646 9
1 4937 7 3
2 6003 4
2 9690 6
1 9593 0 0
2 6053 6
1 5816 7 4
2 7579 2
1 9748 4 1
1 1495 6 4
1 915 1 9
1 4782 7 7
1 1833 7 7
2 3850 2
2 2902 4
1 3219 7 5
1 5123 6 5
1 7655 4 2
2 1280 7
1 9751 3 8
2 9296 0
1 6078 8 8
1 6778 2 1
2 6938 3
2 8628 0
1 5705 0 5
2 9993 6
1 6802 6 3
2 4088 3
1 3510 0 0
2 8101 6
1 5652 7 2
1 3111 0 8
1 2471 8 1
2 527 9
1 972 7 6
2 652 8
2 8308 3
2 3790 4
2 4873 0
2 8493 8
1 3653 2 9
1 7768 1 7
2 6708 0
1 5027 1 5
2 4983 1
2 2699 2
1 25 1 5
2 8717 7
2 7825 2
2 1248 6
1 6583 5 3
1 3338 8 0
2 1361 1
2 9898 5
1 1054 7 3
2 1070 7
2 3670 8
2 3575 4
2 2573 2
1 9367 2 9
2 2245 0
1 8713 8 2
1 7659 0 1
2 1005 0
2 2927 7
2 7057 7
2 5916 7
1 1312 8 4
1 6928 5 7
2 3693 6
2 4683 2
1 6845 6 9
1 5519 8 1
1 7129 9 6
1 3046 2 5
1 259 1 7
1 8685 0 4
2 591 5
1 9132 2 2
1 5029 6 7
2 5694 3
1 413 5 3
2 3429 6
1 3957 4 9
1 1650 0 1
2 5589 4
2 1564 1
1 3970 1 7
2 2957 1
2 8587 6
2 7845 2
2 8097 2
1 12 4 9
1 1521 2 4
2 7917 5
1 7822 9 1
2 7512 1
2 431 8
1 6902 1 3
1 5569 3 3
2 2021 4
2 1922 6
2 8812 0
2 8844 1
1 7681 5 6
1 859 0 1
1 4188 3 7
1 3585 2 8
1 6821 6 6
2 5299 2
2 4048 7
2 1256 7
1 2630 5 9
2 3143 2
1 1440 5 8
2 154 8
2 2816 3
2 5433 4
2 6543 1
2 7646 2
1 5529 3 8
2 3482 3
1 7014 8 2
1 9983 8 3
1 4694 3 7
1 8992 8 9
1 6046 4 8
2 4897 9
2 5269 2
1 2778 7 2
1 4151 9 2
1 9868 1 2
1 9980 4 2
2 8957 4
2 9925 3
2 7717 6
1 8281 2 6
1 8230 3 0
1 344 0 4
1 3079 5 9
2 746 0
2 7601 0
1 7311 2 0
1 5117 4 4
2 4601 0
1 7076 0 1
2 8747 7
1 8131 6 8
2 9799 8
2 5429 4
1 6396 7 4
2 1512 3
2 6902 2
1 834 4 1
1 2415 6 1
1 698 2 5
2 3610 7
1 2542 4 6
1 5845 8 6
2 418 3
2 3868 3
2 4295 0
1 5999 0 1
1 5408 7 8
1 745 0 4
2 2706 5
2 5555 5
1 3331 7 0
2 5725 5
1 3025 4 4
1 1046 2 3
2 2691 0
2 926 8
2 7158 5
2 9185 8
2 4383 9
2 2906 0
2 5408 9
1 394 9 2
2 1074 1
1 2189 2 7
1 8601 0 4
2 1066 8
1 1451 8 0
1 2026 6 6
1 5281 5 0
1 1429 2 3
2 9085 7
2 1626 5
1 4831 2 3
2 1070 4
1 690 5 4
1 2555 8 9
2 3898 2
1 2592 0 0
1 4462 4 7
1 1362 6 0
1 4347 2 0
2 546 1
1 9349 6 1
2 9946 0
2 5341 5
2 2009 1
1 8684 3 3
1 9192 5 6
1 884 9 9
1 8724 5 9
1 2009 2 9
1 9450 6 8
1 5989 7 1
2 371 8
2 4860 6
1 9810 6 3
1 9217 5 1
2 759 8
1 7686 7 9
2 3118 9
1 9356 3 7
1 4073 8 2
2 9525 4
2 8730 0
2 1560 8
1 4429 1 8
1 4320 1 1
1 9899 8 8
1 3707 2 1
2 137 2
2 4733 8
2 6292 5
2 3827 2
2 2794 2
1 1846 9 1
2 1883 9
1 3811 2 7
2 8760 3
1 5755 3 1
2 4272 9
1 9286 1 3
2 3033 9
1 4889 5 5
2 2899 8
1 2993 7 2
1 7844 4 0
1 9242 6 1
1 9083 0 7
2 8236 0
2 4387 2
2 2083 9
2 1808 3
1 6286 5 7
1 2668 2 7
1 3829 9 9
2 866 2
2 3077 9
1 1310 1 0
2 6111 4
2 8566 6
1 2648 0 4
1 9688 9 1
2 5396 6
2 4799 9
1 8076 1 4
2 3022 8
1 6549 2 2
1 6864 2 6
2 9102 3
2 9665 1
1 3353 5 3
1 501 7 8
2 6155 0
2 8141 9
1 4197 5 4
2 5486 4
1 9526 0 8
1 1141 6 0
2 256 0
1 9105 6 8
1 347 4 5
1 2017 1 2
1 8282 2 8
1 5104 5 3
2 1167 5
2 512 9
1 5913 3 5
1 7125 6 7
1 8998 6 9
2 1906 0
2 9445 0
1 3794 2 2
1 5348 0 4
1 6483 1 8
2 7057 8
1 2325 0 5
2 6649 7
1 1651 4 2
2 3584 0
2 5851 0
1 3241 4 6
2 8334 0
1 820 7 4
1 3181 2 5
1 1024 2 7
2 2552 3
1 3593 6 2
2 7445 0
1 2564 7 5
1 6928 2 4
2 3419 4
2 6888 6
1 6806 3 4
2 3575 3
2 4562 9
2 1918 2
2 9956 9
1 5077 7 7
2 3221 5
1 1242 1 5
1 384 7 6
2 393 9
2 5708 1
2 5428 8
1 6635 2 9
1 2775 0 5
1 8494 8 8
2 3403 7
1 5693 9 5
1 1509 6 7
1 6767 0 7
1 5484 2 8
1 4487 1 0
1 4427 2 8
2 6905 1
1 3825 8 7
1 5036 5 6
2 9148 9
1 9834 3 2
1 5971 5 6
1 4074 2 5
1 5043 9 7
1 5179 4 9
1 4008 9 9
1 1913 5 8
2 481 5
1 455 5 7
1 5904 5 5
2 9432 0
2 7535 1
1 9759 6 3
2 9926 2
2 4279 9
2 5363 3
2 613 0
1 2463 2 4
1 6217 2 6
1 9744 5 7
1 7099 3 7
2 6370 9
1 2292 1 2
1 4188 9 4
1 4008 2 2
2 7259 9
1 9997 7 6
2 3624 3
1 891 6 7
2 8577 0
1 6374 7 2
1 2074 5 5
2 5598 5
2 2911 3
1 2995 0 4
1 7805 5 9
1 2778 1 5
1 2569 4 2
1 4243 4 4
2 7993 9
2 3082 8
2 9266 8
2 8866 5
1 3660 6 1
1 2863 0 0
1 2121 6 1
2 8741 7
1 4662 3 7
1 1572 1 0
1 2216 7 5
2 7864 4
1 1264 8 2
2 4415 1
1 4185 1 8
2 9062 0
2 6969 8
1 6792 5 2
2 487 6
1 781 1 3
2 4400 0
2 1916 0
2 4717 4
2 1733 3
2 1818 8
1 8398 4 7
2 8477 1
2 1937 4
1 2397 5 2
1 2053 2 0
1 3193 7 8
2 1611 4
1 663 4 1
2 5993 4
1 6079 4 4
1 3981 9 7
1 7598 6 7
2 3478 4
1 3232 5 4
2 7209 3
1 3259 5 3
2 2919 3
1 595 3 2
2 6974 1
2 2486 8
1 5058 7 7
2 2876 8
1 4064 1 4
2 8037 9
2 5497 8
2 8363 8
2 165 2
1 4248 5 1
1 7065 3 9
2 5865 0
2 4792 5
2 8711 7
1 3743 6 7
1 9784 8 1
1 2325 6 2
2 462 9
1 5110 5 7
2 2922 7
1 2505 3 9
2 8283 2
2 4984 8
2 2159 0
2 1223 4
2 7955 5
1 9159 8 5
1 7987 7 2
1 9906 8 5
1 9643 2 0
1 3202 3 5
1 3442 3 9
2 264 1
1 2281 7 4
2 9051 8
2 7648 9
1 658 7 8
2 9307 1
1 8132 8 5
2 3797 9
2 544 1
1 8182 7 2
2 7206 7
2 1127 4
1 2078 9 6
1 4269 6 8
1 4348 2 2
2 149 3
1 6801 2 9
1 2556 2 0
1 6979 7 2
2 8705 7
1 3248 2 1
1 3932 6 6
1 540 4 1
2 4718 0
2 1333 9
2 7545 8
2 4442 4
2 2947 8
2 1905 1
2 6780 0
2 825 2
2 6629 8
2 1226 3
2 3995 5
1 6998 9 7
1 407 8 4
1 6684 5 8
2 9970 5
2 751 6
2 6423 0
2 7461 5
2 1631 0
2 7430 5
2 4015 2
1 5572 6 4
2 4953 8
1 810 3 5
2 2076 8
1 8412 5 4
2 1292 0
1 2360 6 7
2 5771 5
2 7324 9
2 6443 2
2 5014 7
2 2155 7
2 3981 0
1 8919 1 2
2 421 0
1 9254 8 7
1 247 9 7
2 2773 8
1 307 1 6
1 7120 1 6
1 7004 6 5
1 7687 9 2
1 2098 0 0
2 5623 9
2 5524 0
1 781 9 1
1 6854 1 1
1 2485 7 4
1 5959 7 4
1 457 0 9
2 7259 8
2 2964 4
1 43 6 9
2 2778 1
1 8957 6 4
2 9488 8
1 6005 8 5
1 411 4 2
1 4730 8 4
1 1003 7 5
1 9194 6 9
2 1501 7
2 346 1
1 2961 5 1
2 9973 3
2 1075 6
2 1761 8
2 362 1
1 3129 3 5
2 1440 6
1 4881 6 5
1 6253 1 9
1 8355 4 4
2 3405 2
1 6222 2 7
1 4768 9 2
2 1449 6
1 547 8 5
1 7232 6 7
2 3055 9
1 1891 7 8
1 7503 4 3
1 6927 6 3
2 2842 2
1 5188 2 1
1 7198 3 6
2 3937 1
1 3633 5 5
1 2773 3 6
1 3240 2 7
2 7150 8
2 8834 9
2 3662 0
2 6593 2
1 5442 6 2
1 4020 6 0
1 8720 4 4
2 9263 0
2 5639 4
2 2023 0
1 789 7 8
2 1539 2
2 6068 0
2 7762 2
1 4818 2 7
1 1536 1 7
2 4421 2
2 4479 8
2 9232 3
2 1501 2
1 3498 1 3
2 3720 9
2 928 5
2 2151 7
1 2365 4 8
1 3646 1 0
1 3886 1 8
1 3930 5 1
2 6738 0
2 6632 2
2 8820 8
2 1068 8
1 3243 4 8
2 6880 7
2 3726 4
2 8816 9
2 5606 4
2 6514 4
2 6224 0
1 3351 8 4
2 1181 3
1 9456 4 7
1 1809 0 5
1 2573 1 7
2 1914 2
2 7994 6
1 999 2 8
1 6633 6 5
2 6563 3
2 7266 7
1 8506 3 8
2 7753 8
1 5491 8 9
1 1911 7 9
2 138 0
1 1167 6 9
1 4066 8 4
2 4334 1
1 1503 6 1
2 6983 8
1 1940 6 3
1 3051 5 0
2 6110 3
1 5378 3 4
2 8754 5
2 2987 0
1 1976 9 2
1 2637 3 6
2 467 6
2 5677 2
1 9325 8 9
1 5391 2 7
1 8826 5 5
2 9067 4
1 8064 5 8
1 514 9 8
2 1685 4
1 2782 6 5
1 9801 7 2
2 8798 0
2 5081 3
2 8055 0
1 8743 3 1
2 4224 8
2 3499 1
2 9867 1
1 9293 2 0
1 1518 4 6
2 2349 2
2 2167 4
2 3415 7
1 6729 5 6
1 6693 9 7
1 3201 5 9
1 4336 6 4
2 5678 8
2 8941 2
2 9324 8
1 462 6 0
1 8475 6 0
1 44 6 3
1 9380 6 7
1 2219 6 9
2 1629 6
1 7984 5 5
2 2979 0
1 2763 9 1
2 1296 8
2 2667 3
2 9612 6
1 122 1 5
2 5195 0
2 1921 9
1 1481 5 3
2 2417 6
2 3465 8
2 9303 2
1 4653 0 4
1 5433 9 8
2 8286 7
1 1198 6 2
1 2150 2 2
1 5497 7 6
2 2251 4
1 1997 4 1
2 2405 3
1 8491 8 1
1 7457 1 7
2 1772 3
2 683 3
1 2823 7 8
1 8362 4 9
1 2814 2 2
1 6042 0 4
2 928 5
1 9555 4 1
1 3098 0 4
2 3392 1
2 2927 4
1 9678 2 6
1 6228 7 5
1 3953 9 3
1 5041 7 1
2 1751 8
1 2885 9 8
2 6425 8
2 9244 5
2 971 5
2 3472 1
2 2288 3
2 4324 3
1 6629 9 3
2 2995 0
2 2998 6
1 1618 3 2
1 9634 2 4
1 2148 9 2
2 5038 5
2 440 8
2 4565 0
2 7175 9
2 2103 7
1 7850 5 1
2 4833 0
1 1960 6 1
1 1862 5 0
2 3570 0
1 3902 5 1
1 5751 7 7
2 9762 2
1 9230 4 9
2 629 9
1 3508 1 7
1 8276 7 9
1 8020 1 3
2 1968 5
1 7437 3 8
2 2042 7
2 4180 1
1 1411 4 7
1 2457 8 3
1 2935 5 1
2 9475 0
1 9273 3 7
2 1586 6
1 2832 4 7
1 4315 8 0
1 4388 1 8
2 8209 1
1 7161 9 2
1 6289 7 1
2 796 9
2 868 2
1 9598 6 5
2 1409 1
1 5433 0 0
2 8001 1
1 4109 6 7
2 8707 0
1 7369 0 0
2 2411 6
1 5646 9 9
2 7758 6
1 2913 9 5
2 3667 5
1 4839 1 5
1 1708 1 0
2 9420 3
2 461 0
1 8277 5 0
2 2167 9
2 630 7
2 6625 1
2 9959 7
2 6407 2
1 1888 7 1
1 1352 2 3
2 9684 4
1 6734 5 6
2 1912 4
2 1334 7
2 5609 8
2 6877 0
2 3090 7
1 4111 7 7
1 8999 1 1
2 1409 7
1 5605 0 9
1 5002 7 0
1 292 9 4
2 3888 7
1 6462 4 7
2 5697 6
1 3883 4 3
2 6868 8
2 8657 2
2 7918 4
1 4990 9 2
2 8030 9
1 878 2 6
1 353 9 5
2 9769 6
2 2526 1
2 8304 6
1 4274 3 5
1 727 9 4
2 4089 3
1 1138 5 7
2 329 6
1 8204 1 2
2 5098 3
1 9839 5 7
1 9866 9 0
1 9230 2 7
2 9013 8
1 6065 2 8
1 4372 3 8
1 5051 1 7
2 8648 4
2 609 6
2 4411 1
2 8767 5
1 7322 4 8
1 5764 1 8
2 620 8
1 3736 6 5
1 3958 8 1
1 9045 8 3
2 5726 0
2 2670 9
1 3259 8 1
2 3720 8
1 2566 3 4
2 9853 8
2 4253 3
1 4227 6 3
2 454 1
2 9130 1
1 8783 2 5
1 3633 6 6
2 2588 6
2 4142 0
2 1516 9
2 350 1
2 9334 7
2 8582 7
2 4362 5
2 273 0
1 40 9 9
1 3939 0 8
2 2235 1
2 9385 9
1 3247 8 2
2 4776 2
1 1500 1 4
2 2896 8
2 3444 5
1 8833 9 4
2 6143 0
2 7350 9
2 936 1
1 1566 4 7
1 4105 4 5
1 5683 0 6
1 2436 9 9
1 3941 9 2
2 3939 6
2 4237 4
2 6130 9
2 7822 8
1 9766 9 3
2 3034 9
2 752 6
2 5647 3
2 258 7
2 9799 8
1 1605 2 4
2 2750 4
1 7198 6 4
1 2283 2 4
2 2074 4
2 8353 5
1 1051 8 5
2 1040 7
1 4655 8 2
1 4 1 9
2 4711 5
1 4689 1 6
2 5153 2
1 8941 0 9
1 8281 4 5
2 9972 5
2 1844 8
2 1276 3
1 7353 3 0
1 3261 7 2
1 7533 8 2
1 5973 0 3
1 5667 4 8
1 7066 8 4
2 1464 6
2 3916 4
1 1263 8 8
2 7336 9
2 1418 6
1 8825 2 4
1 609 6 5
1 7250 5 9
2 5791 3
1 2384 9 6
1 389 4 3
2 1077 1
1 2877 1 9
2 5859 4
2 9934 2
2 6606 0
2 7707 1
2 3848 1
1 3779 3 7
1 6246 0 4
1 5930 1 8
1 4471 7 3
2 3783 0
2 4461 9
2 9580 8
2 9602 3
1 1931 6 6
2 4023 2
2 3212 4
2 3134 8
2 6852 2
1 1809 6 4
1 68 6 8
1 7176 3 2
1 1689 4 4
2 15 5
1 3076 9 2
2 6698 6
2 8429 4
1 4175 0 3
2 7537 7
2 8682 0
2 9361 1
1 434 7 3
2 1145 6
2 7114 5
2 4737 3
2 5981 9
1 255 3 4
1 5027 1 1
1 9071 2 4
1 8232 0 3
2 7829 2
2 8108 1
1 5386 3 7
2 6139 0
1 2734 3 5
1 7190 7 9
2 3856 4
2 6544 9
2 38 7
1 1721 6 5
1 9184 7 0
2 9721 1
1 6085 2 1
1 8907 8 8
2 7738 6
1 5231 5 7
2 3602 5
2 2443 3
2 3671 6
2 9026 9
2 3115 6
2 6145 9
2 6922 5
1 7094 0 6
1 7011 7 5
1 6005 7 8
2 1181 7
1 4657 4 9
1 6837 7 2
2 4241 9
1 1314 4 4
1 3259 4 5
1 8670 2 5
2 7125 0
1 3410 8 5
2 8344 4
2 357 7
1 6847 8 4
1 7293 1 1
2 8844 1
1 9188 5 4
1 1910 3 1
2 6217 1
2 1033 1
2 7843 7
1 9910 1 2
1 3264 6 1
2 4347 5
2 9083 7
2 8429 2
1 9739 3 2
1 9560 4 5
2 8397 9
2 4383 7
2 1619 6
1 8731 0 0
1 1216 4 1
2 4754 7
2 4594 7
1 2013 6 3
2 4568 1
2 6358 2
2 29 6
2 8892 2
1 7871 2 6
2 7182 2
2 7662 6
2 6564 0
1 9152 9 9
2 1186 9
1 5315 5 0
1 9824 0 9
2 3796 5
1 1004 2 6
1 579 7 7
1 3956 1 2
2 9270 3
1 8659 4 6
1 7140 6 8
2 8564 2
1 9390 0 8
1 6508 6 4
1 8615 2 1
2 2717 3
2 6409 9
1 383 5 1
1 8180 7 1
1 4222 1 8
1 122 5 9
2 8238 3
1 7295 3 5
1 6547 5 7
2 1331 7
1 972 1 6
2 5888 4
1 2526 6 8
1 753 8 4
1 3615 2 6
2 6262 0
1 9133 2 6
2 389 6
1 244 1 1
2 3759 6
1 1421 9 4
1 5341 1 9
1 4988 9 1
2 104 0
1 1450 8 9
2 8029 5
2 7166 9
1 4840 7 3
1 4949 4 1
1 9850 5 7
2 2664 3
2 3696 4
1 3916 6 3
2 2936 7
2 9893 6
1 6951 0 3
1 8616 1 8
1 3671 0 7
1 7836 0 7
1 5671 3 8
1 9698 9 5
2 4388 9
1 6581 6 0
2 7671 7
2 144 8
2 5527 3
1 2472 8 7
1 1639 3 4
1 5029 9 2
1 7822 2 0
2 8287 6
2 3821 3
2 3567 4
1 8566 8 9
1 1741 3 6
1 8462 6 5
2 910 0
2 3541 5
2 3657 4
1 4795 5 6
1 1305 4 5
1 1489 6 4
1 7495 2 9
2 6343 3
2 9038 7
1 6090 6 7
1 6459 4 3
2 4167 6
1 841 7 7
2 4580 2
1 2711 4 0
2 1970 4
1 6623 2 2
2 8264 5
2 420 5
2 8621 1
1 611 7 8
2 6115 9
2 4808 2
2 8350 3
2 1104 0
1 521 8 9
1 1002 9 3
1 484 8 0
1 2139 5 5
2 6112 4
1 3202 2 0
1 6682 0 8
1 3223 8 3
2 5406 0
2 9749 8
1 2449 3 2
2 8567 3
2 7684 6
1 2302 6 3
2 7228 8
1 6848 2 0
2 4336 7
2 9536 3
2 80 6
1 5427 4 6
2 5774 5
1 3362 2 0
2 5411 6
2 9167 0
1 9596 2 2
2 1283 0
1 8991 0 0
2 2136 1
1 2918 3 6
2 2515 2
1 5778 6 8
1 1237 9 0
2 600 6
1 4777 1 3
1 480 6 5
2 8926 0
2 3649 4
2 1136 6
2 1885 7
1 7520 0 0
2 9458 2
1 1145 6 6
2 3104 3
2 8886 1
2 4033 3
1 9206 9 8
1 2834 9 1
2 8146 3
2 3129 8
2 576 6
2 7570 2
2 4501 9
2 6783 8
1 9019 0 3
2 7740 6
1 4607 6 5
1 4939 4 0
2 7522 8
2 8590 2
2 3231 4
1 9946 9 6
1 9544 5 6
2 1460 9
1 2186 6 0
1 4474 4 9
2 4949 2
1 682 2 6
2 9475 1
1 380 5 1
2 1716 6
2 7449 6
2 8094 2
1 7266 5 9
1 4606 0 9
1 4834 2 1
2 2038 1
1 5088 0 5
1 3194 7 9
1 3817 3 3
1 1601 6 9
1 2651 3 9
1 6248 7 8
1 8669 1 9
2 1902 6
1 1687 0 2
1 1077 5 5
1 4736 9 4
2 3574 6
2 3976 8
1 668 6 8
1 2192 2 8
2 8523 9
1 6745 9 0
2 6854 9
2 8517 7
2 8779 1
2 7625 6
1 1258 3 7
1 5872 1 6
1 5003 5 3
1 6854 2 7
1 8371 8 9
2 8192 3
2 9759 0
2 524 0
1 1016 4 6
1 240 4 3
1 6801 7 0
2 3747 9
2 7287 6
1 3132 4 9
1 2524 1 3
1 8042 8 8
1 7116 0 4
1 9156 7 3
1 440 0 2
1 581 0 3
1 9971 9 9
2 7387 2
1 3156 4 9
2 4764 7
1 6267 9 6
1 2188 0 4
2 4863 0
2 4571 5
1 1198 0 0
2 6760 4
2 2140 9
1 1912 0 4
1 4695 7 6
1 7373 5 3
1 7462 2 8
1 3562 2 6
1 2823 2 5
1 3115 2 4
1 1595 1 5
2 8106 6
1 8369 1 8
1 6286 5 4
1 3513 7 5
2 8023 5
2 6679 4
2 3624 3
1 2861 0 7
1 3047 4 4
2 6304 3
1 550 9 6
2 3559 3
2 401 9
1 5026 7 0
1 6259 3 9
2 2624 5
1 3766 0 9
1 1141 8 3
1 9511 6 8
1 6240 8 7
1 8009 6 8
1 7768 8 3
2 7697 3
2 1227 4
2 3276 8
2 6603 0
2 9399 2
2 5774 4
2 5943 1
2 5251 4
1 9155 0 9
1 2636 4 5
1 6064 6 2
1 5106 5 5
2 7241 5
2 507 2
1 4148 9 6
2 2340 4
1 688 2 0
2 1386 3
1 6654 3 1
2 8027 6
1 2562 4 5
2 591 9
1 4573 3 5
1 160 7 6
1 9099 1 8
1 5880 9 8
1 8717 5 0
1 5196 7 6
2 7467 8
2 2107 1
2 4784 5
2 8176 0
2 7178 7
1 4617 3 9
1 6533 2 1
1 1340 8 0
1 7767 8 9
2 5084 3
2 1529 9
1 7954 9 4
1 5164 8 7
1 2425 8 3
1 8898 2 5
2 8081 0
1 323 1 0
2 8911 6
2 9500 8
1 6951 0 6
2 7654 6
2 6720 1
1 8997 5 3
2 3234 6
1 6458 6 0
1 1436 1 0
1 4130 7 3
1 986 8 1
1 9493 6 8
1 6392 6 3
1 3167 4 9
1 7541 2 5
2 44 7
2 7442 5
2 5079 3
2 9243 1
1 9567 1 8
2 6156 7
2 2801 6
2 1335 5
1 9518 1 7
2 259 1
1 8737 6 8
2 338 3
2 4302 7
1 4067 6 3
2 5921 0
1 5706 7 1
1 4963 6 3
1 6442 7 4
1 881 5 7
1 4809 4 8
2 1259 3
2 7132 2
2 8659 4
1 5803 6 1
1 8953 7 4
2 4626 7
2 8137 8
1 619 8 0
1 7858 0 5
1 8790 5 0
1 3837 5 6
2 2752 1
2 3887 0
1 8014 3 4
2 6064 9
2 900 5
1 6642 6 1
1 6310 6 5
2 2063 2
1 559 4 4
1 2511 4 3
2 1649 1
1 3672 2 7
2 7793 5
2 1018 7
2 3245 0
1 3786 7 3
2 9751 2
1 2665 2 7
1 4320 6 1
2 279 1
1 3060 4 9
1 6958 8 6
1 1968 2 5
1 6736 1 0
1 4676 1 3
2 2928 9
1 2574 2 1
1 2621 0 9
1 7046 6 7
2 1490 4
1 3601 1 9
2 4411 4
1 8691 3 5
1 6434 9 5
2 7302 1
2 7630 5
2 7044 6
1 2686 7 8
1 8174 3 2
2 8800 6
2 4995 2
2 2119 9
2 1156 3
2 8626 6
1 9187 5 1
1 3524 1 2
1 3726 4 9
2 1509 1
2 2572 7
1 6039 8 2
1 3339 1 9
1 682 1 5
2 4828 2
1 4843 3 3
2 7711 6
2 3598 4
1 1076 2 8
1 6880 9 8
2 2214 4
1 9159 2 8
2 9762 0
1 7732 7 6
1 7139 4 0
2 4509 5
1 4451 2 1
1 5181 5 1
1 1939 5 6
2 8833 3
2 7444 0
2 5411 1
2 6599 3
1 2250 6 1
1 5859 4 7
1 2667 7 1
1 8805 3 1
1 344 2 5
2 1985 4
1 3442 5 4
1 9033 7 0
2 2365 3
2 7816 2
2 2087 7
1 5479 3 5
1 4768 6 9
1 6969 9 7
1 9712 3 1
1 8386 7 0
1 4387 0 7
2 9716 6
1 8529 9 8
1 9957 7 8
1 3665 5 5
1 6623 2 8
1 8758 8 6
2 9773 5
1 8506 1 2
2 2736 4
1 6194 6 8
2 6215 7
2 3250 5
1 9850 7 9
2 4748 3
2 6892 8
2 1698 6
2 3512 9
1 4664 1 7
1 9381 0 4
1 8045 5 2
2 3891 3
2 8133 2
2 3998 5
2 3061 5
2 7449 0
1 6746 8 2
2 2515 2
2 9315 4
2 693 8
2 7513 2
1 378 1 7
1 5909 8 5
2 4293 7
1 8499 1 7
2 2497 1
2 2636 5
1 5524 7 9
1 4935 4 8
2 8392 7
1 7152 9 6
1 9911 3 1
1 2826 4 9
1 2202 5 3
1 6421 3 3
2 5091 8
2 8504 9
1 130 7 2
2 7 6
2 8124 6
2 4535 3
1 3303 7 3
2 1643 9
1 2883 5 0
2 4941 3
1 8034 2 1
2 6073 3
2 9621 6
1 6271 9 3
2 212 6
2 5093 7
1 5984 8 8
2 8257 7
2 1054 8
1 8204 4 7
2 8751 1
2 4771 4
1 2223 0 1
2 3129 3
2 9284 6
1 4031 4 8
2 7243 3
1 5809 5 2
2 1167 6
1 1241 1 4
1 5459 8 8
2 5585 3
2 6339 9
1 3417 6 2
1 453 9 5
2 9522 8
1 6935 0 9
2 6466 0
1 4377 8 9
2 4003 6
1 5440 9 4
2 727 7
2 5294 0
1 8660 2 1
2 1276 7
2 1422 4
2 9337 0
1 1649 1 3
2 6284 4
1 3189 7 9
2 8396 0
1 6040 5 7
2 9246 5
1 2868 2 2
2 745 8
2 7740 2
1 1382 2 1
1 9853 8 2
1 6876 7 9
2 2946 6
1 8519 0 8
1 4807 6 9
2 8554 9
1 5441 0 9
2 8395 6
2 5232 2
2 9754 7
2 927 2
1 7044 3 1
1 8933 9 4
2 1796 6
2 5651 8
1 3973 3 3
2 1780 9
1 7298 5 3
1 2967 4 7
1 8564 4 0
2 9707 6
1 4980 1 6
1 3365 8 1
2 4696 5
1 4553 0 2
1 2601 7 0
2 1983 8
1 1047 3 6
1 4132 0 5
1 191 2 4
1 1079 1 9
1 3489 4 6
2 5396 5
1 4533 8 0
2 8373 8
1 9404 8 4
2 8827 1
2 4237 9
1 9793 2 8
1 9780 1 5
2 8749 8
2 9076 4
1 2133 9 8
1 5921 6 6
2 645 6
2 2458 7
2 7899 9
1 6858 6 7
1 4074 3 4
2 9488 9
2 6199 8
1 2797 6 6
2 4389 2
1 1173 1 2
2 4286 1
1 3015 1 5
1 3614 1 6
2 2943 3
1 2595 1 8
2 7701 0
1 7513 6 3
1 2836 9 1
2 5074 4
2 4419 3
2 721 8
1 4461 6 6
1 5312 2 7
1 4512 4 5
2 4083 0
2 6458 6
2 5081 6
1 5616 2 9
2 4862 7
1 3898 5 7
1 1846 4 1
2 7810 0
2 9189 1
2 1157 3
2 2146 5
1 169 5 1
1 799 3 5
2 7260 4
2 8053 2
1 5095 7 4
1 3460 6 1
1 8183 4 0
1 572 0 3
1 6962 4 7
2 5565 2
2 427 0
2 3763 3
2 4472 8
1 7292 6 2
1 3994 7 2
1 9192 8 7
1 6901 3 0
1 822 3 4
1 5294 9 0
1 9529 7 2
2 4761 3
1 4575 7 7
1 9909 3 6
1 3543 5 0
2 8554 9
2 6565 9
1 2744 3 4
2 646 6
2 1 6
1 2351 9 5
2 679 3
2 419 3
1 6747 3 4
1 6646 2 3
1 4384 6 8
2 7054 1
1 3363 9 5
1 8010 9 4
2 2959 8
1 4225 0 6
2 5384 0
1 6970 4 2
2 7146 0
1 7846 7 0
2 5510 9
2 4901 8
1 4738 0 5
2 8463 9
1 809 8 5
2 1060 9
1 9270 1 0
1 2166 4 8
1 4091 2 5
2 2122 0
1 3459 8 2
2 4250 7
1 5861 9 8
2 8912 6
1 9834 4 4
2 1193 4
2 2037 3
2 3832 5
1 3718 2 4
1 5126 7 3
1 9820 0 5
1 8189 1 3
1 7422 8 8
1 7915 1 6
1 6249 6 2
1 7532 8 5
2 7017 1
2 8265 8
2 6273 8
2 7294 5
2 9552 0
2 4641 7
1 7591 3 0
1 3805 6 2
2 7574 1
1 6444 3 3
1 5526 8 5
2 4897 8
2 6437 5
2 9114 2
1 1888 9 0
1 4146 0 9
1 2177 4 7
2 9191 1
2 5388 8
1 4644 1 6
2 6189 0
2 8353 0
1 9554 2 9
2 329 8
1 4956 5 7
2 2094 9
2 5363 9
2 9613 4
2 7496 5
1 4320 1 4
2 1616 2
1 4642 8 2
1 352 0 6
1 1990 7 8
1 3405 4 1
1 4471 3 2
2 6428 8
1 9356 5 0
2 8591 6
2 5079 3
2 9103 2
2 82 7
1 5635 9 3
2 2726 0
1 137 2 8
1 6332 8 8
1 545 3 8
2 5126 8
2 1568 6
2 5030 0
1 1533 8 4
2 8962 6
2 5987 6
1 9973 0 6
1 8511 0 9
2 99 1
2 507 4
1 1147 7 0
1 8185 6 0
2 6664 7
2 4642 3
2 9190 8
1 9551 1 2
2 795 0
1 1350 8 9
2 9637 2
2 5076 4
2 3876 2
2 8854 8
2 5007 2
2 8290 0
1 474 9 2
1 4606 0 2
2 7732 0
1 4386 5 3
2 1259 5
2 8271 3
2 3332 4
2 6524 5
2 8403 5
2 413 7
2 1954 4
1 5422 0 7
1 9544 5 2
1 3257 3 9
1 7160 8 2
2 3243 3
2 3254 6
1 2343 6 5
2 4974 4
2 330 7
1 2347 6 1
2 7721 6
1 8623 4 1
1 5581 1 0
2 6921 1
1 8795 9 6
2 5732 6
2 509 3
1 2960 2 6
2 5903 2
2 3699 1
1 3961 8 0
2 6208 2
1 4124 4 8
2 6883 7
1 2926 2 1
1 5148 7 6
1 3608 3 7
2 9610 6
1 8125 8 7
1 659 6 3
2 7716 2
2 5875 1
1 6982 9 9
2 1620 2
1 6025 7 4
1 5363 2 1
1 7236 4 9
1 7494 2 1
1 718 1 7
1 2550 7 2
2 3194 5
1 7739 0 0
1 2617 4 3
2 163 7
1 8113 1 4
2 7882 6
1 7953 7 0
2 1088 0
1 1600 1 7
1 326 7 5
1 1538 5 3
2 3970 4
1 9927 0 3
1 8414 9 5
1 4827 9 9
2 5212 4
1 6092 6 3
1 1381 7 4
1 6761 1 5
2 7258 6
1 3330 4 9
1 525 3 8
2 6914 9
2 4516 2
2 7274 9
2 7987 3
2 1072 2
2 4406 3
2 8304 1
2 6954 0
2 2388 7
2 7172 5
1 9448 1 1
1 812 5 6
1 8233 3 0
1 9309 1 1
1 5733 5 4
1 202 8 0
2 6640 4
1 2273 6 7
2 9526 7
2 3493 6
1 1341 8 3
1 3338 5 1
2 7158 7
2 5800 9
2 6154 6
2 7437 8
2 1160 0
2 5384 9
2 7424 0
2 4047 3
2 9970 6
1 4725 7 3
2 1372 0
2 3869 8
2 7230 4
1 1891 0 4
2 9081 0
2 9238 4
2 1691 1
1 501 3 8
2 7249 8
2 5110 9
2 991 4
2 6985 3
2 7883 2
2 9886 1
2 3960 3
1 5942 3 9
1 9246 9 6
2 1554 8
1 724 5 5
1 9087 1 1
2 7841 3
2 3085 3
1 9855 4 8
2 5357 1
2 2783 9
2 3216 3
2 86 8
2 4483 5
2 1447 3
2 425 2
1 7327 9 1
1 9303 8 9
1 8328 4 1
2 2506 7
1 1801 0 4
2 5428 9
2 2256 1
1 2570 6 3
2 1710 4
2 226 4
2 8050 4
2 8505 4
1 4974 0 3
2 9951 7
1 8106 7 3
1 8012 2 7
1 3265 9 2
1 6848 8 3
2 4529 6
1 1470 4 0
2 3667 7
2 125 6
2 3511 9
2 2091 0
1 4342 2 8
2 363 7
1 9114 6 8
1 8687 9 0
1 5751 4 2
1 9746 1 7
1 1112 0 5
1 8486 1 0
1 484 8 8
2 3939 5
1 3194 9 1
2 4745 9
1 4987 7 2
1 5975 5 0
2 3236 0
2 4294 9
1 2165 8 4
1 8182 2 9
1 4125 9 7
1 5333 0 8
2 7225 0
2 3491 9
2 9911 4
2 5959 5
1 6693 7 1
2 577 0
2 5236 3
1 2535 7 8
1 9274 3 3
2 2957 2
2 800 5
2 1212 6
2 209 3
2 2334 7
2 2951 1
2 9828 9
2 7664 6
2 5369 9
2 375 5
2 5591 2
1 6499 0 7
2 2489 3
2 1680 8
1 6551 1 4
1 1540 8 1
2 8290 1
2 8775 1
1 9251 0 7
1 364 1 8
1 1986 5 3
1 9281 0 0
2 1379 3
2 7457 6
2 1465 0
2 3710 3
2 7672 1
2 2871 9
1 1106 4 4
1 4578 2 1
2 4286 9
2 6253 3
1 5977 9 0
2 1411 8
1 457 1 9
1 2896 6 2
2 2411 8
2 4937 4
2 3326 1
1 1270 5 8
2 7279 7
2 9646 3
2 6776 8
1 2592 5 3
2 797 1
2 33 7
2 1761 7
2 192 7
2 8272 3
1 6588 1 6
1 6962 4 8
1 4607 3 2
1 5408 4 2
1 3615 8 1
1 1668 2 5
1 5642 7 8
1 7633 7 7
1 4998 8 7
1 508 3 0
2 1731 5
1 3889 3 3
2 8475 2
1 1008 8 7
2 3884 9
1 2526 6 7
1 4566 9 6
1 16 1 1
2 2738 0
1 3191 9 5
2 7483 9
2 6642 7
2 374 5
2 4214 1
2 2171 5
2 6997 8
2 7844 6
2 6499 4
2 8684 8
1 3874 4 0
2 8283 3
2 1675 3
1 5463 6 5
1 6508 3 8
1 9841 2 7
1 8333 9 6
2 7308 2
1 5319 0 7
1 9423 8 0
1 1006 0 0
1 9518 0 0
1 9321 9 7
2 3895 9
1 6432 1 2
1 2765 9 6
2 1134 3
2 5384 6
2 3116 2
2 4905 4
1 9504 3 7
1 901 9 1
2 9877 5
2 9851 4
1 3998 2 7
2 5553 8
2 2031 9
2 3343 8
2 8933 0
2 9880 0
2 506 9
1 6088 2 0
2 4808 2
1 9301 2 9
1 188 7 4
1 7615 4 1
1 3591 7 1
1 8160 7 4
2 8814 3
2 512 6
2 7881 9
1 6778 9 4
2 1147 6
1 6638 6 9
2 9776 1
1 7125 6 7
2 4668 4
2 2863 3
1 8551 5 7
2 1486 0
1 311 2 8
1 4041 6 8
1 9906 2 5
2 5641 1
2 8864 7
1 7528 8 3
1 8478 7 6
1 3367 4 3
1 473 8 3
1 9722 3 5
1 1265 6 3
2 2777 5
2 8210 2
2 3284 1
1 1137 4 8
1 2178 9 7
2 7514 2
1 4302 1 9
2 7285 1
2 9818 2
1 5426 4 6
2 5081 0
1 8664 2 3
1 4470 1 0
2 3226 6
2 2977 7
1 7824 0 3
1 5613 7 3
1 4353 1 8
1 3761 9 1
2 5587 7
2 9288 3
1 9599 0 3
1 7369 3 5
1 8776 9 4
2 5940 0
1 4966 7 3
1 5265 6 6
1 6557 5 3
1 9870 7 3
1 2617 3 2
1 2628 1 7
1 5438 2 0
1 9874 6 7
1 9603 0 9
2 4313 0
1 4686 5 4
2 1668 8
2 137 4
1 3107 1 9
2 191 2
2 1375 9
2 6246 0
1 2975 1 8
2 3609 0
1 2431 6 6
2 5850 9
1 172 0 1
1 793 7 4
2 6182 8
1 1764 3 3
1 6795 1 7
2 4043 1
1 2157 6 6
1 3720 3 5
1 1477 9 9
2 1698 0
2 2175 8
1 9507 8 8
1 8989 8 7
1 815 3 9
2 3307 4
2 2184 3
1 444 8 1
1 3063 6 8
2 7180 9
2 148 5
2 241 1
2 648 6
2 9835 8
2 6740 4
1 1146 1 0
2 9725 4
2 7080 7
2 1078 7
1 9921 6 5
2 3313 4
2 6768 7
2 457 2
1 4167 4 6
1 409 8 4
1 3833 8 9
1 902 0 5
1 5960 8 3
2 1317 2
2 1953 6
2 1542 8
1 1931 5 3
1 6812 9 6
2 5246 7
1 4978 5 2
2 6029 6
1 7696 0 9
1 6735 2 1
1 8182 0 5
2 2638 4
2 2293 8
1 5493 8 0
2 1040 3
1 8733 4 2
2 4363 4
1 514 8 3
2 9123 1
1 3720 2 8
1 7770 3 7
2 5780 4
2 8845 8
2 8503 1
2 6769 6
2 5575 4
2 8925 2
2 508 4
2 4581 8
2 821 0
2 5768 7
1 8067 8 9
2 4492 8
1 6239 0 5
2 8815 4
2 2750 0
1 1518 6 5
2 2973 0
1 6498 1 4
1 1863 3 2
2 5606 2
2 747 9
1 7980 3 1
2 2079 2
2 4281 0
1 3170 2 5
1 4599 8 0
1 8081 3 2
2 3175 4
1 9665 1 4
2 2336 0
2 6110 2
1 5468 0 1
1 3298 9 6
2 64 1
1 4547 8 4
2 6902 0
1 1785 2 5
2 9465 9
2 7121 8
2 7432 4
2 5633 4
1 7961 4 2
1 3671 7 2
2 6192 5
1 1511 2 2
1 1314 5 1
1 7907 2 4
2 640 1
2 7890 7
2 8497 5
2 2321 4
1 260 0 0
1 8111 3 6
1 1424 9 0
2 7027 4
2 9561 7
1 7067 7 0
1 6848 4 3
1 4679 5 5
2 2787 1
1 3916 8 3
2 5982 9
1 4233 2 0
1 3296 2 9
1 7189 3 3
1 3516 8 3
1 3855 4 0
2 1194 3
1 7771 8 5
2 1737 7
2 121 8
1 8489 9 1
1 6254 1 8
1 2270 2 5
2 1829 2
1 5322 4 7
1 4694 5 0
2 6347 9
1 2466 7 4
1 8859 9 7
2 2341 9
2 4598 1
2 2603 6
2 8671 1
2 420 1
1 5642 9 4
1 9191 0 8
1 8414 6 1
2 2126 0
1 8621 4 5
2 2608 8
1 3452 3 5
1 766 2 3
2 6804 4
1 9628 7 4
2 1246 0
1 9555 1 8
2 5018 8
2 425 0
2 6534 9
1 8204 1 3
1 9170 4 7
2 5438 8
1 2942 3 1
1 9245 8 3
2 5523 6
1 2217 1 7
1 2318 8 2
2 8661 6
2 1038 2
2 3290 8
1 5473 7 6
2 7004 0
2 6213 5
2 9788 6
1 9641 2 8
1 5255 7 0
2 4351 8
2 1105 0
1 254 5 0
2 2170 5
1 5958 0 3
2 4899 6
1 2326 3 2
2 8192 9
1 4206 3 4
1 7458 7 2
2 3492 0
2 587 4
1 6279 3 0
1 9560 4 5
2 9699 7
1 4109 9 1
2 1024 3
2 5954 3
1 6035 9 3
1 6584 5 0
2 9679 2
1 18 6 6
1 6820 1 0
2 2440 2
1 8090 5 5
1 523 9 1
1 1831 7 2
1 4006 7 4
2 8321 9
1 326 4 7
1 2724 9 4
1 9156 7 0
2 1920 3
2 6721 0
1 129 9 9
1 3227 4 6
2 6584 6
1 4911 7 8
2 3118 0
2 7886 8
1 4314 8 3
2 7609 2
1 863 0 8
2 1923 5
1 9461 0 5
2 9158 2
2 4425 9
2 22 6
1 2857 5 5
1 2231 9 2
2 4283 4
1 6211 0 3
1 7573 2 4
2 6357 2
1 4672 4 2
1 1241 4 0
2 2642 4
2 4232 6
2 7023 0
1 2891 7 3
1 2794 1 8
1 2442 0 6
1 5258 6 0
2 4710 8
1 1407 7 4
1 8209 4 9
2 2108 5
1 720 7 1
1 983 1 4
2 7080 8
2 979 9
1 2223 3 8
1 371 2 4
2 2623 9
1 5860 5 3
2 5171 2
1 205 7 8
1 6880 8 9
1 7655 4 0
1 7648 4 2
2 3807 2
1 6937 1 8
1 7105 3 4
1 1781 8 7
2 8274 1
1 767 1 0
1 4664 9 6
2 7251 5
2 6880 4
2 7818 4
1 552 4 0
2 2123 2
2 5398 9
1 160 3 9
1 3066 2 3
2 9495 9
1 7511 8 4
1 2625 7 3
2 452 9
1 9134 9 0
2 210 2
1 7491 1 5
2 5101 6
2 602 7
1 8637 0 7
2 616 1
1 1200 8 6
1 1926 2 9
2 2005 9
1 9517 6 9
2 1422 4
1 4207 1 2
1 1584 9 6
1 8058 4 3
1 5185 7 0
1 5418 8 9
2 7689 1
1 1643 0 0
1 4269 0 3
2 4062 3
1 7163 9 2
2 9312 9
2 1831 2
1 6833 7 5
1 7887 0 5
1 3521 8 4
1 3038 9 8
2 2427 6
2 6089 8
2 8214 8
1 9626 7 2
1 7279 5 5
1 4114 9 6
2 1875 3
2 9425 2
2 9582 2
2 5013 2
2 5018 7
1 118 3 6
1 2352 0 9
1 1340 2 4
2 4294 3
2 8499 0
2 4860 3
2 6504 5
1 5840 9 6
1 5343 3 8
2 1263 6
1 8695 0 0
2 9303 5
1 1899 2 1
2 5166 2
2 6813 8
1 1337 6 3
2 7339 7
2 1906 9
1 9391 4 7
1 2167 9 1
1 8060 4 8
2 741 6
1 7529 0 8
1 4072 0 2
2 3420 3
2 5471 3
1 6599 6 9
2 2326 7
2 6423 9
2 4331 9
1 5100 5 2
1 9859 5 3
1 2103 9 7
1 877 5 2
2 7016 7
1 4650 5 5
1 8975 7 3
1 9888 8 3
1 2079 9 9
2 2722 7
1 8254 7 8
1 7574 0 8
2 8021 9
1 5712 2 8
2 7382 6
2 4177 7
2 3650 1
1 6849 5 6
1 5536 9 0
1 4910 0 7
2 8653 1
1 8151 4 5
2 6438 5
1 5534 2 3
1 5516 7 5
1 3602 1 3
1 8819 2 1
2 9399 7
2 8066 6
2 1438 4
1 3683 3 3
1 9701 5 6
2 378 3
2 8433 5
1 4410 6 3
2 4184 4
1 521 9 5
2 3527 4
1 2654 4 6
2 9452 0
1 2711 2 3
1 7749 0 4
2 8356 2
2 9204 1
1 2268 5 1
2 270 4
1 8734 0 1
2 9523 1
2 7042 0
1 8656 6 5
1 4299 6 0
1 2312 5 6
2 6423 1
2 3044 0
1 7685 9 1
1 4006 1 4
2 9217 2
1 5905 1 1
1 1483 3 6
2 3700 0
2 7399 9
1 5869 8 5
1 6217 6 5
2 946 5
2 3635 8
1 4007 8 7
1 3121 1 2
2 939 0
2 3100 5
2 7631 9
2 4746 4
1 4594 6 5
1 1826 6 4
1 7330 2 5
1 3557 5 9
1 7813 7 6
2 570 3
1 5648 1 7
1 9118 2 0
1 2692 3 6
1 5168 6 7
1 5462 5 8
2 1183 3
1 6611 1 9
1 3575 4 2
2 450 2
1 5071 4 7
2 3587 0
1 5884 5 6
2 6395 6
1 4201 7 9
1 9547 0 8
1 9446 1 0
1 7525 4 5
2 4981 5
2 7432 4
1 8884 6 7
1 8515 2 1
1 4246 8 5
2 4526 5
1 3195 7 2
1 9668 0 7
1 2689 4 3
1 8171 1 4
1 4709 9 2
1 2325 2 2
2 1668 2
1 744 8 4
2 4452 1
1 9250 6 7
1 7892 7 6
1 1466 4 4
1 2920 0 2
2 7467 5
1 3002 0 1
1 3681 0 9
1 9047 3 6
1 9656 9 4
2 157 8
2 8912 5
2 1922 9
2 7515 7
2 2380 7
1 548 6 9
2 3856 2
2 4210 4
1 6482 3 6
1 5335 3 7
1 3349 1 0
2 3573 7
2 5212 2
2 9450 0
2 3527 5
1 8993 4 7
1 7650 0 8
1 5865 9 7
2 5788 0
2 5156 3
1 7508 1 1
1 4090 1 9
2 1599 6
1 2290 7 4
1 1548 5 3
1 2721 6 8
1 4683 1 1
2 8007 9
1 5737 5 0
1 9940 7 4
2 5191 4
2 3564 8
2 4040 3
2 1784 7
1 8930 6 1
2 4216 0
1 4309 6 5
2 4320 8
2 5610 9
2 2811 0
2 5206 1
1 3932 0 6
1 7763 4 9
1 9948 0 0
1 8251 6 5
2 3550 9
2 6309 6
2 1632 5
2 3383 4
1 3144 2 9
2 5571 0
2 4767 2
2 8438 3
2 8345 5
1 9184 8 5
2 3679 2
1 1952 6 9
1 60 9 1
1 3506 0 0
2 6940 9
2 6711 6
1 5677 8 0
2 265 1
1 9731 7 6
1 1932 4 3
2 9975 5
2 6688 1
1 9810 0 6
2 3551 9
2 6832 4
2 2274 1
2 8459 9
1 6517 1 3
2 4304 0
1 9866 6 9
1 9542 8 8
2 5474 1
2 9635 4
2 4087 4
2 3007 5
1 918 9 2
1 5134 1 1
2 3603 9
2 2479 6
1 765 9 9
2 4260 2
1 1642 1 1
2 3932 4
2 8332 3
2 2272 9
2 105 1
1 1296 1 4
1 8281 8 0
1 2657 3 7
1 4820 4 0
1 1730 3 7
2 5281 2
2 1926 0
2 9162 9
1 2268 4 3
2 9870 7
1 82 8 5
1 9325 4 9
2 4144 5
1 6826 5 0
1 153 5 2
1 846 1 1
2 7114 9
2 4824 4
2 7109 9
1 8991 2 1
1 278 9 2
1 1742 6 5
2 4181 0
1 5945 7 7
1 6639 5 0
2 2907 9
1 9064 5 3
2 5247 6
2 2115 8
1 2451 1 8
1 4106 7 6
1 4588 8 4
1 5017 3 6
2 8455 4
1 6889 2 8
1 208 2 6
2 2585 7
1 1350 1 1
1 30 7 0
2 9243 6
1 4043 5 7
2 2832 7
2 1364 6
2 9561 0
2 753 5
1 599 6 5
1 1296 7 0
1 2647 9 4
2 2495 0
1 586 6 2
2 3428 2
2 5076 4
1 8467 7 6
2 1251 2
2 5136 2
1 8267 6 1
1 7192 1 3
2 4766 8
1 7034 0 6
2 8925 5
2 6401 5
1 6226 1 3
2 290 3
1 7352 1 2
1 8305 1 1
2 5571 0
1 8129 5 4
1 3249 1 0
2 2204 8
1 3924 4 7
1 1047 7 9
1 7109 6 4
2 1572 2
2 582 6
1 5416 8 7
1 3166 9 1
1 9309 7 8
2 8848 8
1 7346 4 9
2 291 7
2 6343 3
1 5718 6 3
2 293 2
1 4219 4 8
2 482 9
2 6968 0
2 1471 9
2 1737 2
2 3907 9
2 8430 5
2 8936 0
1 8290 5 3
2 6855 9
2 2892 1
1 513 6 6
2 2447 5
2 4111 7
1 9750 3 4
2 3768 8
1 191 4 6
1 8352 1 6
1 5411 0 5
2 4522 2
2 4851 7
1 6396 1 5
2 5180 4
1 4951 4 0
2 1587 4
2 1913 7
2 7728 4
2 5887 8
1 1694 0 9
2 5383 2
2 4604 4
2 5458 9
2 8102 3
2 939 7
1 7623 3 9
1 2546 8 1
1 5704 9 7
1 222 1 4
2 2772 6
1 7774 3 1
1 252 3 3
2 3993 8
2 2143 3
1 1588 2 4
1 5215 5 5
2 4696 9
2 6910 6
2 6890 0
1 6147 8 6
2 4468 9
2 3182 4
1 2828 4 7
2 8356 7
2 238 0
1 7107 3 3
2 5419 5
1 9436 1 6
2 1963 4
2 7380 0
1 9275 3 2
2 7472 0
1 8417 1 6
1 8828 2 6
2 2998 5
2 7131 0
1 9983 2 4
2 8996 7
1 1331 7 7
1 5171 2 5
1 440 9 8
1 6953 0 6
1 7732 8 8
1 6402 6 8
2 9871 7
2 2269 9
1 4332 1 8
1 4151 0 3
1 2506 9 3
2 1960 3
1 2427 3 9
2 1489 9
1 7470 8 1
2 3176 0
2 7964 9
1 4997 0 7
1 7419 5 2
2 3357 4
1 6399 4 5
2 1085 9
2 1507 1
1 537 9 6
2 8201 7
2 4652 4
2 8342 9
2 234 3
2 9597 1
2 5215 7
1 8105 9 2
1 1227 2 5
1 9129 8 9
2 8519 9
2 6890 4
1 287 7 0
1 7079 8 8
2 8274 0
2 2522 5
2 7340 4
1 3227 0 9
2 2167 4
1 4909 6 7
1 8605 0 8
2 2230 4
1 2628 7 8
2 4117 2
1 7805 9 7
1 8097 4 8
2 5681 1
1 5496 0 3
1 7568 0 6
1 6769 5 5
1 9301 9 6
1 6460 9 1
1 4343 3 0
1 1236 3 8
1 6851 2 8
2 1458 3
1 8599 7 4
1 4413 5 1
2 3902 3
1 3009 7 1
2 7190 9
2 7114 7
1 3529 6 9
1 3636 2 6
2 3363 9
2 4678 3
1 7711 1 2
1 2867 8 4
1 6488 4 5
2 9003 3
2 9906 5
2 9926 7
1 3430 2 8
2 6616 3
1 648 8 6
2 5883 5
2 4030 5
2 9764 4
1 9599 2 9
1 8406 8 0
2 759 8
2 544 6
2 6400 6
1 4 5 3
1 6441 2 5
1 8280 3 0
2 8517 7
1 931 0 5
1 7148 7 2
1 6016 8 0
1 1377 7 5
1 8468 4 8
1 3581 9 1
1 6792 6 6
2 3695 8
2 9084 7
1 9311 9 9
2 9299 1
1 9699 0 3
2 1785 8
1 5010 6 1
1 8284 4 2
1 7733 0 5
2 4131 1
1 5139 9 0
1 3431 6 6
2 9346 1
2 2786 2
1 5010 7 5
1 4808 3 1
2 8753 8
2 6509 6
1 2926 7 9
1 9292 7 5
2 8656 1
1 6674 8 0
2 1104 3
1 4692 6 0
1 742 1 4
2 2879 3
2 4138 4
2 1103 5
1 1548 1 0
1 6311 3 2
2 6237 7
1 5500 3 8
2 7894 6
1 792 2 3
1 5313 3 6
1 9134 1 0
1 9902 4 5
1 8909 4 9
2 652 8
1 8632 1 3
1 4706 0 5
1 2303 9 7
1 142 2 4
2 8925 7
2 2207 8
2 8963 4
1 2244 4 8
2 4644 4
2 9969 8
2 3812 1
1 74 8 8
2 525 6
1 6329 2 8
1 1287 7 4
1 6255 3 8
1 2823 0 1
1 6201 3 9
1 7047 0 0
1 9749 9 5
1 357 6 2
2 2462 1
2 9987 1
2 7297 4
2 6155 5
2 3950 3
1 6715 0 4
1 3038 9 1
1 7844 9 8
2 2271 5
1 378 9 4
2 2028 0
1 3287 4 9
1 3208 8 1
1 5770 8 2
1 4499 9 6
1 2962 2 9
1 134 7 5
2 9485 0
2 3867 6
1 7395 6 4
2 1139 0
2 5638 2
1 4593 0 9
1 931 6 4
2 5765 1
1 3726 0 1
2 9328 5
2 319 0
1 4560 7 5
1 4376 8 0
2 7388 5
2 1620 8
2 2297 1
1 2144 9 6
2 268 1
1 2067 9 2
2 2553 7
2 7014 1
2 5767 2
1 7030 3 4
1 7364 7 2
2 7632 2
2 3866 9
2 676 0
1 3023 7 5
2 1304 7
1 8811 6 2
2 6246 1
2 7390 4
1 2522 0 8
2 4064 2
2 8710 7
2 4236 5
1 8576 1 8
1 8950 9 8
2 8534 4
2 9320 3
1 3655 7 3
2 4704 9
1 3314 7 7
1 6240 9 2
2 2559 6
2 7595 4
1 4546 9 4
2 807 7
2 1675 7
2 587 3
2 3170 8
1 5853 1 6
1 5393 3 0
2 529 6
1 9409 7 7
1 9008 5 7
2 4814 9
1 4605 7 5
2 7733 8
2 6415 8
1 1909 5 2
2 745 5
1 4975 4 2
2 946 4
1 9374 9 8
2 7163 8
1 2602 3 3
2 8877 7
2 9090 2
2 1205 2
1 9194 1 5
2 9277 3
1 958 2 6
1 1440 2 8
2 7013 7
1 1274 2 5
2 1522 8
1 4498 0 2
2 3402 2
1 5662 3 7
1 4777 8 1
1 8303 2 6
2 7327 1
2 2789 2
2 3015 7
1 7201 4 0
2 9537 9
1 9772 4 6
1 5767 0 0
2 8143 0
2 2171 6
2 3869 7
2 7543 4
2 5175 2
1 7115 5 3
1 7553 7 9
2 3982 8
2 1793 8
2 9855 1
1 4167 5 8
2 7077 1
1 3215 3 7
2 623 6
2 7940 6
2 5899 4
2 4146 1
2 8614 4
2 1492 3
1 1014 5 9
2 3778 8
1 956 6 5
1 5780 1 5
1 9657 2 0
1 1990 9 3
2 9504 0
2 3734 5
1 6064 3 1
2 2606 2
2 5262 1
2 2586 8
2 4372 3
1 6475 3 4
2 542 3
1 7409 2 7
2 2961 6
1 3662 2 4
1 3672 1 4
1 490 7 9
1 8204 0 6
1 5347 9 4
1 1023 0 7
1 4691 2 4
1 3062 2 0
1 4491 7 6
1 4391 3 2
1 459 7 2
1 1106 6 5
1 1716 5 8
2 1547 1
1 2065 1 7
1 493 3 0
2 3153 7
1 4513 6 8
2 3383 5
1 2496 9 4
2 4987 5
2 4850 4
1 3222 1 0
1 4477 2 5
1 9313 4 8
2 3760 5
1 5209 1 6
1 8052 3 4
1 2750 4 1
2 2651 0
1 3563 1 2
2 2724 6
2 2160 2
1 2365 9 1
2 6355 6
1 7509 1 1
2 6761 9
2 1519 0
2 8073 5
1 2231 8 9
1 5802 7 9
1 4493 8 7
2 4853 3
2 5432 5
1 5602 6 2
2 282 2
2 5670 0
2 9130 4
1 1501 8 9
1 4403 8 5
2 5815 7
1 2133 0 7
1 1365 9 2
2 6861 6
2 8884 3
2 2820 9
1 7016 8 4
1 1426 8 5
2 6482 7
2 1842 0
2 9964 0
2 6896 2
2 1211 4
2 8969 0
2 8289 3
1 2776 6 5
1 6270 5 2
2 5005 3
2 1480 0
2 2820 7
2 6164 1
2 4907 0
2 5413 0
1 7595 2 3
1 2615 5 7
2 4541 6
1 1875 0 8
1 290 9 3
2 4248 9
1 3976 9 9
1 4738 2 1
1 470 2 7
1 2934 8 9
1 2464 5 5
2 4239 9
1 6568 0 0
2 1716 9
2 377 2
2 3735 2
2 5547 0
1 6808 8 1
1 1680 9 6
2 4086 7
2 5913 6
1 1664 2 0
2 3224 1
1 1795 1 0
2 3709 5
2 805 8
2 4114 7
2 8534 3
2 7406 7
2 8066 9
1 4989 5 9
2 9593 5
2 3470 5
2 2304 1
2 5291 8
1 4790 4 3
1 3345 8 6
2 9546 4
1 4771 0 6
1 9118 5 3
2 873 1
2 6683 3
1 708 2 9
1 4435 2 7
1 7847 9 4
1 4236 8 9
1 9086 6 8
1 9270 3 3
2 7799 7
2 7437 1
1 8773 2 7
1 8452 2 2
2 6750 7
2 1797 2
1 6683 0 9
2 8090 6
1 2223 1 5
2 1214 7
1 2936 3 3
2 9816 0
2 1131 2
2 5823 8
2 7893 9
2 6080 5
1 7165 7 6
2 6385 3
2 999 8
2 763 2
1 1359 0 4
2 6627 0
2 7728 8
1 7175 8 7
2 4644 0
1 4904 0 2
2 6131 0
1 9076 6 2
1 4246 1 0
1 5418 3 2
2 1181 5
2 7284 6
2 8336 7
1 4144 4 8
1 575 0 6
1 211 7 5
1 3239 7 5
1 522 9 5
2 1917 2
2 7336 4
1 6567 8 2
1 2788 2 7
1 174 7 7
2 3402 6
2 7550 5
2 7721 4
1 3149 3 7
1 4947 8 6
1 2680 3 3
1 5757 2 9
1 4750 8 8
2 5879 9
2 1812 6
1 5096 6 2
2 7461 2
1 9990 2 1
1 2427 7 2
1 378 4 3
2 599 9
2 6045 5
2 2863 0
2 4413 0
1 9855 6 7
1 9595 0 7
2 6893 5
2 162 6
2 5761 6
2 1305 0
2 3259 7
2 5016 9
2 5157 9
1 8199 5 5
2 8875 2
1 7736 5 3
1 1567 1 5
2 6341 6
2 696 1
1 5612 4 0
1 9854 5 6
1 4442 5 0
1 7605 8 5
1 68 7 2
1 4117 7 2
2 5166 7
2 6720 8
1 5078 5 0
1 3733 3 3
2 9068 7
1 7903 8 1
2 7910 7
2 4778 3
1 6186 4 3
1 3160 8 4
2 3242 7
2 8993 2
1 4729 0 1
2 8563 7
1 568 9 2
2 5594 9
2 2184 0
2 6466 7
1 7525 0 0
2 4442 5
2 8333 1
2 4614 5
1 4225 1 9
2 8558 0
1 9504 8 5
2 6351 4
1 1577 3 2
1 1921 0 3
1 4966 4 3
1 6755 3 0
1 2482 2 8
2 8031 7
2 8258 5
1 2559 4 1
2 4362 0
2 7960 8
1 5719 7 8
1 5483 4 1
1 8735 0 5
2 3896 3
1 4153 0 0
2 4649 7
2 6641 4
1 7465 8 2
2 8962 4
1 6942 1 3
2 4583 4
2 788 2
2 3568 0
1 4319 5 2
2 992 8
2 7671 7
1 6768 9 6
2 5531 5
2 5915 6
1 151 0 0
2 5308 4
1 703 6 2
1 5393 2 7
2 1722 6
2 4573 6
2 4791 3
2 2730 9
1 4191 5 7
1 4118 3 3
2 7220 2
1 4129 0 0
2 1901 9
2 7600 5
2 8344 8
1 3333 3 6
2 7053 9
1 3101 1 7
1 7100 1 1
2 2934 8
2 2878 3
2 1180 0
2 9988 9
2 3451 3
2 3686 3
1 1557 8 4
1 9662 7 2
1 4944 9 0
2 6115 1
2 1818 5
1 5274 6 3
1 9954 9 0
2 6430 6
1 6741 9 6
1 3217 3 6
1 9309 1 1
2 2426 6
2 5006 4
2 5302 8
2 1503 0
2 6537 7
2 3590 5
1 7887 1 4
2 9940 0
1 5303 9 7
1 9183 4 5
2 8480 3
1 1792 5 7
1 5616 1 3
1 410 3 9
1 7237 0 7
1 704 7 6
2 5934 8
1 6036 9 9
1 6990 1 2
1 6410 5 7
2 4050 4
1 4599 1 9
1 6234 8 1
1 9191 1 3
1 2945 4 5
2 3082 0
2 5935 7
2 3373 0
2 5537 8
2 275 7
2 2066 0
2 9586 3
1 6264 2 7
1 6575 9 3
2 3403 0
2 5448 7
1 9 8 5
2 5361 2
2 6249 3
2 59 3
2 9095 2
1 5835 9 7
1 4267 7 9
1 4136 0 2
1 9640 7 8
2 4746 5
1 4198 6 2
1 6717 7 6
1 8194 2 5
1 804 9 8
2 2925 0
1 6337 9 6
2 3792 7
2 7797 1
2 7812 4
2 5811 2
2 7501 1
1 8855 3 8
1 2539 9 2
1 518 0 4
1 9434 5 5
2 5035 6
1 9592 1 5
1 4445 5 6
1 244 5 8
2 5896 4
1 4887 1 2
2 1651 7
2 126 8
2 8179 4
1 583 1 8
1 7142 2 6
1 4025 5 5
1 3617 3 6
2 6443 3
2 9641 1
2 3088 7
1 9627 6 1
2 2409 1
1 6446 0 0
1 923 9 4
1 1705 3 7
1 1969 9 6
1 2786 3 3
1 5162 5 1
1 7418 4 6
1 775 6 0
1 9779 2 2
2 4024 4
2 6063 0
2 8794 5
1 4147 9 7
1 243 2 2
2 7818 9
2 7997 9
1 3031 3 9
2 1315 3
1 4126 0 7
2 790 1
2 615 7
1 3349 2 1
2 3340 6
2 9243 2
1 815 7 3
2 9380 1
1 3312 1 1
1 1015 0 7
2 348 1
1 2315 5 3
2 6737 4
1 7194 6 4
1 7305 1 6
2 8047 7
2 745 2
1 2754 2 6
1 9862 3 6
1 797 1 5
1 7938 4 0
2 2314 7
2 7580 7
1 6739 5 8
2 377 1
1 8446 0 1
2 1742 3
2 3338 9
1 2471 7 5
2 3238 3
2 6666 4
2 7342 9
1 1701 6 4
2 7181 8
2 2932 2
2 4057 6
1 9303 0 0
2 6636 6
1 4136 2 7
2 4630 8
2 2048 9
1 2648 4 0
1 3524 8 9
1 5928 1 8
1 8793 4 1
1 7271 8 9
2 7482 1
2 4363 5
2 9079 7
1 303 0 2
1 6844 8 2
2 1399 9
2 3796 0
2 4713 6
1 4919 8 4
2 6859 8
1 2167 6 9
2 5951 6
2 2954 1
2 4911 5
2 9199 0
2 7756 7
1 6644 4 4
2 3561 1
2 4257 6
2 8520 5
1 7067 0 6
1 3551 2 9
1 5020 1 0
2 8114 4
1 9152 4 4
2 3776 1
1 9481 2 1
2 4361 3
2 1217 6
1 9994 8 8
2 5423 3
1 308 6 7
1 5428 5 3
2 5611 2
1 1438 8 0
2 6728 6
2 94 0
2 8400 7
1 8368 4 7
2 8513 5
1 2190 8 5
1 6786 9 0
2 4310 4
2 954 3
1 591 5 7
1 6601 1 4
2 3805 3
1 8702 9 1
1 6578 8 7
1 6400 6 5
1 6671 7 6
2 4155 2
2 8426 5
2 3956 0
1 3139 9 6
1 628 3 4
1 3481 0 2
1 9418 8 7
2 2631 7
1 5273 7 7
1 5754 8 2
1 7113 8 7
1 2136 1 7
2 7431 5
2 1746 1
2 3876 6
2 2562 2
2 2214 3
2 6965 0
1 4490 9 9
2 3882 0
1 7993 6 4
2 9884 0
2 8 1
1 6990 3 9
1 2220 2 3
1 9559 7 7
1 5309 2 7
2 622 1
1 292 0 2
2 160 9
2 1215 2
1 990 6 1
2 5101 6
1 4891 6 0
1 347 3 3
1 4145 3 9
2 3074 2
2 7520 2
2 6959 5
2 8990 6
2 1345 3
2 5238 0
1 5522 9 4
2 7027 0
1 3322 9 4
1 9734 8 5
2 9789 4
2 6989 7
1 6909 4 5
1 3541 2 9
1 7909 6 4
2 3135 0
2 8957 3
1 7251 3 0
2 4306 9
2 9440 0
1 5911 9 2
1 3289 9 6
2 1978 6
1 7511 0 4
2 2948 9
1 1890 0 2
2 3436 6
2 9125 7
2 2965 2
1 891 7 4
1 9015 2 8
1 7593 5 0
1 6261 0 4
1 5934 2 0
2 74 1
2 4959 7
1 4410 8 2
2 9726 8
1 3695 3 5
1 3095 0 2
1 3673 9 0
2 2882 0
1 4042 1 2
2 6576 4
2 8617 7
2 6296 5
1 5074 0 6
1 621 5 9
1 9598 6 2
1 7188 8 1
1 6340 0 0
2 8002 0
2 6101 4
1 4036 5 4
1 2791 2 0
1 2321 9 5
1 2778 0 1
1 6 5 1
2 5812 1
1 4837 0 3
1 5684 9 4
1 8104 1 0
2 9533 1
1 3137 5 9
1 8276 6 4
1 910 8 3
1 2291 3 8
1 5566 1 0
2 3697 8
1 1347 5 8
1 773 9 0
1 6579 0 5
2 2953 8
1 1769 0 4
1 5822 4 9
2 1464 2
2 1064 9
2 9833 6
2 1142 3
2 3291 7
2 8269 3
1 8512 7 7
2 3628 1
2 2864 3
1 9204 3 5
1 5267 2 5
2 7883 6
2 341 2
1 7603 4 9
2 2956 4
2 5902 8
1 7525 8 0
2 7316 1
2 3659 7
1 7909 2 0
1 7170 9 2
1 6035 1 6
1 5227 7 5
2 6107 2
2 7122 4
1 3276 9 4
2 7071 4
2 5221 1
2 990 3
1 5594 7 5
2 1897 3
1 2132 0 9
1 8943 6 6
2 9668 4
1 3742 3 4
2 1886 8
2 5444 3
1 8638 1 7
2 6570 3
1 1048 3 9
2 9839 5
2 8523 1
2 9270 1
1 2088 4 9
1 3126 9 7
2 9710 2
2 3234 7
1 764 7 5
1 9048 6 7
2 9753 6
1 8641 7 1
2 7042 5
2 4692 7
1 5030 5 4
2 4145 8
1 2222 8 1
1 2061 8 6
2 1012 8
2 7859 8
1 2344 5 0
2 3610 8
2 4049 7
1 2463 4 2
1 6866 2 1
1 5339 9 2
1 9459 6 9
2 1318 1
1 7156 7 0
1 4431 8 8
2 9925 7
2 321 4
2 2044 8
1 5505 2 4
1 8524 6 7
2 5286 1
2 8391 0
2 7931 1
2 3297 5
2 9468 4
1 303 4 9
1 6598 8 1
2 2517 3
2 6754 7
2 669 4
1 4112 0 0
1 8607 7 0
1 5938 4 0
2 4 4
1 5668 1 0
1 1396 2 6
1 7943 3 5
2 8725 1
1 6766 5 8
2 7742 2
2 7869 6
2 5060 7
1 7027 3 8
2 8360 4
1 5857 1 6
1 7468 8 2
2 9331 7
1 8033 4 3
2 4638 6
1 1820 2 8
2 7962 6
2 4172 3
1 6716 3 3
2 6605 8
2 374 0
2 728 1
1 1410 3 7
1 911 7 3
1 1677 8 3
2 3381 1
1 7007 4 0
1 7798 4 5
1 165 9 1
2 239 4
2 5245 0
1 1866 9 6
1 5133 0 2
1 9318 8 6
2 122 1
1 1574 6 5
1 6919 2 6
1 9288 7 4
2 2059 1
2 7258 1
2 1765 5
2 9871 7
1 5143 7 4
1 35 1 8
2 3708 4
1 986 4 1
2 6055 4
1 2252 2 3
1 2654 7 3
1 4727 8 5
2 2492 2
2 2608 6
2 6771 5
2 125 3
2 3717 5
2 8777 8
1 746 3 5
2 9169 4
1 3145 0 0
1 2538 0 9
2 8718 9
1 8571 6 3
2 812 8
1 6653 1 2
2 9891 7
1 8480 4 0
2 3672 1
2 7348 1
1 4824 6 4
2 8111 2
2 9570 2
1 1967 9 4
2 8357 7
1 5052 3 9
1 6068 9 4
1 9840 6 9
2 5547 9
2 2049 7
1 2311 4 9
1 9138 1 4
2 9744 5
2 1582 5
2 7952 9
1 5681 8 7
1 3729 4 6
1 6847 9 6
1 1233 2 9
1 6538 8 1
2 9623 8
1 3463 6 7
2 2646 3
2 6714 1
1 2903 7 5
1 5340 2 9
2 7911 8
2 2199 9
2 440 9
1 2081 3 5
2 8605 7
2 1512 0
1 2303 4 7
1 7318 8 3
2 2812 4
1 286 5 2
2 6395 0
2 4948 4
1 5359 8 8
2 1376 5
2 4973 8
1 7463 6 7
1 8855 6 9
1 6737 7 3
1 8563 4 0
2 6354 4
1 1710 4 7
1 7868 3 2
1 6189 4 4
1 8114 7 2
1 727 2 7
1 8966 4 0
2 4614 2
2 7255 0
2 4190 0
1 6741 7 1
1 3650 0 6
1 8326 1 3
1 5767 8 1
2 4655 6
2 2521 3
1 1665 1 5
2 8135 2
2 5602 8
1 424 3 3
1 1778 9 2
2 4380 5
2 1741 7
2 1990 1
1 2310 4 1
2 8782 1
2 2992 6
2 5981 1
1 5839 1 1
2 5337 3
2 2286 5
1 1911 9 5
1 1323 4 9
1 5132 9 6
1 7231 4 4
2 1005 3
1 6068 0 0
2 5774 6
1 8069 9 4
1 7408 1 0
2 3726 2
2 4120 0
2 7159 6
2 5503 3
1 6055 0 8
2 6700 3
1 125 8 2
2 4109 3
1 3529 7 3
1 301 6 6
2 1302 5
1 5581 0 3
1 8539 9 2
2 2856 2
1 5791 0 1
1 9443 5 8
2 9073 9
1 2729 7 4
2 9448 5
1 974 5 8
2 3698 7
2 2632 3
2 5535 4
2 9680 3
1 1812 4 9
2 6011 3
2 5482 1
1 472 8 1
1 2547 9 1
2 4318 9
1 7564 6 7
1 9509 1 0
1 625 7 7
2 1394 2
2 1719 7
2 6090 1
2 529 5
2 5857 8
1 2035 2 9
1 7448 4 9
1 6012 4 9
2 1319 1
1 3474 9 5
1 2608 3 9
1 2972 7 0
2 1868 8
1 3355 1 4
2 4127 3
2 9901 9
1 9400 7 8
2 3875 4
2 5620 9
1 7766 0 6
2 9777 1
2 7091 7
2 3380 2
2 5479 3
2 1875 5
1 4637 9 4
1 8387 6 2
1 3202 3 3
2 5460 3
1 7290 8 2
1 2858 0 6
1 8281 9 2
1 3815 8 9
1 6392 5 9
1 798 3 2
1 6257 6 6
1 2125 2 8
1 4587 0 1
2 4112 3
2 5130 1
2 8546 2
1 8189 1 1
1 3795 0 9
1 5281 7 8
2 8900 3
1 4744 2 1
2 1622 7
2 3361 8
2 6522 9
2 6488 1
2 4623 8
1 3592 2 5
2 4985 2
1 5842 0 1
1 2039 9 9
1 8174 5 0
1 9612 1 7
2 8165 8
2 7125 7
1 9343 7 5
1 9613 4 6
1 7660 1 8
2 3573 2
1 8091 3 6
1 9754 4 9
2 4105 9
1 446 0 0
1 8664 7 4
1 2026 0 7
1 5420 2 7
2 3194 5
1 2151 1 1
1 6278 2 2
2 6792 4
2 6040 3
1 22 3 7
2 4445 7
2 9114 2
2 7205 7
1 6394 3 0
2 6416 3
1 1246 2 5
2 7149 2
1 4762 7 1
2 8069 9
1 2360 9 9
2 7753 6
2 3885 1
2 5859 3
2 6942 9
2 7208 4
2 2400 1
2 4209 5
2 4169 4
1 8585 3 4
2 6864 7
1 4106 4 9
1 9635 1 2
1 8987 1 1
2 7898 0
1 7372 4 5
1 7061 1 5
1 8612 5 8
1 9657 6 5
2 1090 3
2 155 4
1 3845 1 1
2 744 0
2 5540 3
2 3995 6
1 5905 7 5
1 7574 5 1
2 3285 0
2 833 6
1 927 3 7
1 4584 1 4
2 2639 6
1 1420 9 3
2 6770 1
1 2854 6 9
1 3520 2 7
1 7023 0 7
2 3330 2
1 9638 0 3
2 4858 9
1 7194 6 6
1 9784 9 6
2 7102 8
2 1813 8
1 7876 0 1
1 7247 9 2
2 6474 6
2 7530 2
1 6278 1 2
2 5436 1
2 5125 0
1 1211 9 2
1 8278 5 2
1 4601 0 1
2 3513 2
1 1844 0 4
2 4257 1
2 6513 8
1 6967 8 1
2 7369 6
1 310 0 4
1 2386 8 5
2 4319 2
2 7600 4
2 6408 2
1 9502 7 3
1 6353 5 0
1 2516 7 5
1 3981 5 0
2 9846 4
2 6475 4
2 5605 5
1 1314 9 3
1 5188 4 6
1 8427 1 1
2 6348 3
2 2815 9
1 3193 8 9
1 5064 0 0
1 5690 8 1
2 3065 7
2 4443 1
1 8867 8 6
1 6881 8 7
1 5124 0 6
2 7545 8
1 7720 2 6
1 948 3 5
1 3801 7 1
1 9507 3 1
2 1709 9
2 6368 8
2 3154 3
2 8559 1
1 8692 4 5
2 1365 0
2 6155 6
1 8302 6 9
1 5135 7 7
1 1796 0 4
1 8632 4 0
1 1353 3 5
1 2500 4 1
2 598 0
1 4853 3 1
1 2783 3 5
1 2162 8 7
1 2291 2 7
1 8089 6 6
1 1198 0 2
2 8813 8
1 9630 4 1
1 936 8 6
2 3280 3
1 6742 5 9
2 1249 4
1 4993 2 6
1 4226 8 1
1 7063 9 8
1 9269 4 6
2 484 3
1 5268 0 2
1 4903 1 8
2 5235 7
2 8361 1
1 1871 9 9
1 6696 8 5
1 9157 3 1
1 2034 1 5
2 3046 5
2 8114 3
1 3246 8 6
1 5835 3 0
2 8387 2
2 1604 8
2 6613 1
1 2420 5 6
1 5316 4 2
1 4268 6 2
2 439 4
2 7224 5
2 552 3
1 645 5 9
2 4921 5
1 7029 9 7
1 5526 4 6
2 1084 2
1 7420 1 6
2 400 5
2 7878 8
1 3543 2 1
1 4872 3 8
1 1900 8 5
1 9798 3 8
2 4826 7
1 4961 5 2
2 547 5
2 4472 0
2 2466 7
2 6039 0
2 2324 8
2 9476 8
1 2847 3 3
1 9523 4 4
2 197 4
1 6190 1 0
1 4512 5 3
1 9181 3 6
2 7751 9
1 4021 6 2
1 8178 7 8
2 6876 5
1 2438 8 6
1 9066 8 4
1 502 8 8
1 7874 3 9
2 9012 4
2 7265 7
2 5326 8
2 2423 6
2 4433 6
1 7809 7 8
1 4927 7 0
1 1316 9 8
1 7920 7 8
2 6344 2
2 7666 6
2 3466 7
1 1134 3 6
2 8521 7
2 5273 2
1 2167 9 0
2 2387 7
1 8680 5 6
2 4643 0
1 8863 0 5
1 1327 2 9
1 3386 3 1
1 9890 9 1
2 556 2
1 2689 6 9
1 3858 0 1
1 1424 7 3
1 1631 8 6
1 5982 9 3
1 33 6 9
2 7102 8
2 2263 7
2 3671 2
1 6611 9 8
1 6414 3 1
1 8444 3 9
1 1182 7 7
2 7956 0
2 8925 6
2 7597 4
2 7615 5
1 6399 8 0
2 7568 3
2 7776 4
1 2131 2 9
1 6046 9 8
2 7387 2
2 8187 2
2 7173 5
1 5693 5 0
2 7021 9
1 220 9 1
1 4948 8 7
2 3624 9
2 7677 7
2 6707 9
2 4211 6
2 4705 9
1 9465 8 7
1 7022 9 0
2 5913 3
1 1857 2 4
2 230 9
2 8110 6
1 8595 9 2
2 3577 7
1 8119 5 3
2 3116 4
2 4563 7
2 9345 1
2 5692 1
1 963 7 7
2 6134 7
1 9919 3 8
1 9899 4 5
2 1809 0
1 2391 1 7
2 2219 5
1 5450 2 9
1 8630 4 2
1 8152 5 0
2 1053 9
1 9134 3 8
1 8335 5 3
1 2968 0 6
2 7164 5
2 1274 4
1 4048 6 4
2 2974 5
1 196 3 2
2 6393 4
2 1976 8
2 74 7
1 6409 5 9
2 4787 3
2 1631 5
1 5048 6 7
2 8673 1
1 2522 3 0
1 3427 7 5
1 9745 2 3
2 893 7
1 2800 7 3
2 5283 2
1 7184 4 8
2 5726 1
1 5484 3 4
2 4237 1
1 1848 0 8
2 9777 9
2 9617 2
1 1628 8 4
1 9187 8 1
2 6037 4
2 9076 8
2 4275 1
1 2521 7 2
1 7276 6 4
1 5141 8 4
1 5611 3 2
1 1611 7 9
2 351 9
2 3700 6
2 1201 1
1 5152 6 3
2 4054 2
2 8555 4
2 5613 7
1 6393 9 3
1 1577 4 6
1 647 2 8
1 1659 6 1
1 9603 2 0
2 5725 1
2 3376 2
1 9714 5 8
1 3631 9 7
2 1520 8
2 6075 6
2 9507 7
1 2424 9 7
2 7403 0
1 5099 4 4
2 3569 8
1 1565 3 7
1 11 1 1
1 3302 1 4
1 9580 8 9
1 2242 5 8
2 6008 1
1 5873 7 6
2 6056 1
1 2986 9 6
1 4803 7 9
2 8489 4
2 4599 5
2 2459 1
2 8600 7
1 609 4 6
2 959 4
2 281 1
1 3533 4 4
1 1886 2 5
2 2662 9
1 5484 8 9
2 6040 1
1 8234 9 1
1 8777 8 6
2 9052 0
1 18 5 8
2 1609 9
1 253 9 6
1 9120 5 7
2 4170 3
2 9026 8
1 3550 7 9
2 5790 0
2 2259 5
2 1898 3
2 1361 4
1 3987 4 9
2 5442 8
1 3060 2 2
1 5620 3 9
2 1386 2
2 1660 8
2 2005 4
2 1998 9
2 6491 0
1 6741 1 6
2 2142 9
2 6075 3
2 7329 0
2 9665 6
1 551 4 8
1 2631 6 6
2 1434 9
2 6789 0
1 4779 4 3
2 9656 6
1 664 3 8
1 6809 5 0
2 9930 4
2 5441 8
1 2194 7 5
1 2545 3 1
2 3390 9
2 9114 6
1 6976 9 8
2 1963 7
2 8341 1
2 8203 3
1 9961 9 5
1 5819 9 0
2 2002 9
1 1136 0 6
2 3059 5
2 1668 6
2 6656 5
2 6570 4
1 8069 3 6
1 5184 5 7
1 2382 2 6
2 7928 7
1 4250 7 6
1 6802 6 6
2 8568 6
2 7106 2
2 4671 8
2 8138 9
1 1998 5 6
2 5057 1
2 9858 0
1 984 4 1
1 4436 8 7
2 7958 7
2 903 3
2 3464 7
1 9586 9 6
1 6882 2 0
2 3726 5
2 4897 2
1 1154 1 3
2 7374 3
1 9824 7 0
1 5758 2 2
1 805 1 1
2 5373 2
1 8948 3 6
1 9385 8 8
1 1462 7 3
2 801 8
2 1418 1
1 1107 1 1
1 337 2 9
1 7644 4 6
1 5141 9 6
1 6656 3 1
2 1309 6
2 4437 3
2 8488 5
2 6901 5
2 6881 6
2 717 5
1 5921 7 4
1 204 1 0
1 2072 0 0
1 9861 4 2
1 630 0 0
2 1200 8
2 9977 8
2 9877 4
2 8482 1
2 1912 6
2 662 1
1 4619 4 2
1 7723 1 7
1 3773 3 1
1 3242 8 6
1 8105 2 1
2 548 3
1 7946 3 1
2 4505 8
1 6443 2 1
2 378 5
2 1954 3
1 5055 5 2
1 7160 3 8
2 7561 5
2 8488 0
1 7404 3 9
2 9131 1
1 3843 4 3
2 4657 6
1 9274 6 4
2 5027 0
2 5658 6
2 6859 6
1 2067 2 4
1 6547 2 8
2 9083 3
1 7610 3 7
1 9261 5 0
1 1627 3 7
1 4208 3 9
2 7021 1
1 7285 3 1
1 83 7 4
2 6781 7
2 7716 2
2 503 8
2 4426 2
1 4871 0 2
1 4182 3 4
1 4654 9 4
1 1945 6 0
2 7817 5
1 3762 3 8
1 2770 2 9
2 5915 8
2 532 4
2 2767 8
1 4962 2 3
1 2110 5 9
2 2966 5
1 7463 4 4
1 9878 3 4
2 5913 5
1 4664 3 6
2 5800 6
2 768 4
1 9288 5 6
1 9975 5 5
1 5893 5 3
1 9207 1 3
2 1358 8
1 2684 4 7
2 3121 9
1 2553 8 1
2 5948 4
2 9782 9
2 8485 3
1 1163 2 0
2 6527 6
1 6877 0 0
2 808 9
2 9069 0
1 256 4 0
2 1206 2
1 3240 6 9
1 150 5 5
1 9220 3 8
2 5789 4
2 7634 1
2 3988 3
1 4298 6 8
2 8184 6
1 4387 3 5
2 9291 1
2 9754 3
2 6991 3
1 1932 6 1
2 9724 7
2 5045 7
1 9299 4 3
1 761 6 3
2 7307 1
2 5410 7
1 1832 0 2
2 6667 1
1 6321 4 1
1 5866 6 4
1 7713 6 5
2 7542 0
1 1627 0 6
2 4925 4
2 3030 4
1 3759 5 5
1 9502 8 3
1 7742 8 9
1 1168 4 6
2 674 3
1 3103 7 8
2 9839 6
2 7758 9
2 383 5
1 2470 6 6
1 4673 4 9
2 6445 3
2 6427 3
1 2904 2 1
1 5862 4 2
2 2242 0
2 5119 9
1 9821 0 1
2 5734 9
2 4577 4
2 8793 0
1 9347 5 9
2 7775 8
2 5504 8
2 4239 8
2 3813 0
2 5274 5
2 7705 8
2 1841 2
2 6344 9
2 4216 6
2 5394 7
2 1750 9
1 6902 4 0
1 5540 1 5
1 166 7 7
2 5488 3
1 609 6 7
2 7398 5
2 3763 0
1 5741 2 0
1 7184 5 9
2 3038 8
2 4391 5
1 7998 8 0
1 1774 6 8
2 9410 0
2 6754 4
1 7532 4 6
2 5003 3
2 3743 8
2 3309 8
2 4886 1
1 9167 4 6
1 6602 4 1
2 4057 4
1 8422 0 8
2 7760 1
1 2958 5 1
1 5613 2 6
1 4321 2 6
1 4766 9 1
2 268 4
2 19 9
1 9180 8 4
2 8669 8
2 8964 0
1 4781 9 4
1 7932 6 6
1 274 9 1
2 4971 3
1 9310 6 0
1 6470 9 5
1 7336 7 5
2 2204 6
2 380 9
1 6278 4 5
2 1113 5
2 1994 8
2 2232 8
2 3172 4
1 3783 4 7
1 4367 5 6
2 3805 1
2 5271 2
2 6468 1
2 6527 9
1 7430 4 3
2 5682 8
2 1204 1
1 8257 7 1
1 1638 1 7
2 720 1
2 7615 2
2 4647 5
2 4404 7
2 6158 1
2 8100 4
1 1422 7 3
1 9034 7 4
2 5031 4
1 7067 7 1
1 9840 4 8
2 1245 5
2 6983 1
2 9695 2
2 4704 4
2 9879 5
2 7097 9
2 4925 1
1 4289 6 5
1 3799 6 2
1 9687 3 3
2 1827 9
2 2166 4
1 3126 0 1
1 7223 3 7
2 6688 3
1 3710 6 5
1 6110 2 5
2 7205 4
2 2415 1
2 6057 7
2 5351 2
1 3016 6 3
1 4690 9 7
2 7334 1
1 1289 9 4
1 1765 6 3
2 2498 7
2 1383 4
2 2786 2
2 1190 8
2 9593 8
2 101 1
1 1095 6 3
1 6863 8 2
2 9874 7
1 715 0 5
2 9007 4
2 5607 6
2 2994 0
1 6131 6 7
2 4566 1
2 8974 5
1 7076 2 1
1 4372 7 6
1 850 7 2
2 324 8
1 1832 6 6
1 6964 5 6
1 8973 3 3
2 4956 2
2 9853 9
1 616 1 4
2 4308 5
2 3384 2
2 8043 2
1 867 6 5
1 6208 8 2
1 7629 6 8
1 7361 7 1
1 3020 4 6
1 9363 7 1
1 5948 6 5
1 5130 0 8
1 4973 8 8
2 2597 7
2 372 2
1 4095 8 6
1 9299 2 7
2 5999 1
2 2300 0
1 1988 4 4
2 692 4
1 6111 4 7
1 7424 9 3
2 1019 8
2 4311 2
2 488 8
1 5061 8 4
2 8859 6
2 2398 3
2 782 1
1 4425 4 7
2 9657 1
2 7366 1
1 8851 5 1
1 452 3 7
1 3690 1 5
2 3699 8
2 2145 6
2 4670 0
1 3610 9 9
2 9483 0
1 3247 1 8
2 8062 8
1 1787 0 9
1 2702 4 2
2 3402 7
1 1420 9 2
2 1082 4
2 1723 8
2 7241 4
2 1203 3
2 7974 8
1 5203 8 2
2 3586 7
2 7710 4
2 4414 7
2 3438 3
1 7337 4 1
1 3896 6 0
2 7190 5
2 6371 0
2 5867 2
2 5782 7
1 3198 6 6
2 1279 6
2 2416 9
2 1770 4
2 2825 5
2 1335 7
1 7187 7 4
1 8503 5 3
1 6295 9 2
1 9731 9 0
1 5647 0 0
2 4708 8
1 8711 2 0
1 8832 7 6
2 7013 7
1 2096 8 0
2 6080 0
1 7255 4 5
1 8220 9 2
1 2137 8 2
2 1461 4
2 9317 6
2 1118 9
1 5647 0 0
1 3871 0 2
2 8720 2
2 4133 2
2 8362 4
1 3669 7 0
2 3039 2
1 3779 5 1
2 9973 0
2 7155 1
2 7341 8
2 4982 5
2 4461 8
1 1723 0 1
2 834 6
2 7636 2
2 6368 4
2 4159 2
2 9835 3
1 576 8 9
2 9998 8
2 3970 3
2 6188 8
1 5224 8 1
2 4731 9
2 7739 9
1 2996 0 2
2 958 1
1 8221 7 6
2 9959 2
1 8066 6 8
1 5726 1 8
2 2164 6
1 4289 9 3
2 4670 3
1 3622 1 4
2 6011 7
2 7837 2
1 3509 7 3
2 3483 2
1 253 0 1
1 4787 2 4
1 230 5 2
1 3008 6 9
2 2410 0
1 1720 2 3
2 3636 7
2 317 6
2 1614 5
2 3355 6
1 8505 7 7
2 2216 2
1 7561 8 1
1 8052 5 5
1 3134 1 9
1 8650 3 0
2 6875 0
2 1174 8
2 438 5
1 5567 5 4
1 8300 3 3
1 347 7 6
1 8507 6 6
1 1641 5 8
2 2552 9
1 1017 4 3
1 7406 5 6
1 3435 9 3
2 1595 5
2 5325 9
1 5161 9 3
1 8992 4 0
2 9873 5
1 7181 7 7
2 7359 3
2 6582 9
1 4038 9 5
1 5153 0 8
2 6658 4
2 7011 2
1 9845 1 7
2 2562 1
2 6852 1
1 7756 2 0
2 7840 6
1 6861 1 9
2 8076 2
2 9994 4
1 7557 3 5
1 3526 8 9
2 7965 7
1 3520 2 1
2 6705 7
1 1449 1 3
2 8400 3
1 6651 0 9
1 566 3 3
2 7206 1
2 6250 2
1 7184 7 8
1 9169 8 4
2 7299 3
1 3081 5 8
2 8751 2
2 8974 8
2 7327 4
2 14 9
1 2730 6 6
1 1111 4 5
1 2394 7 9
1 723 1 6
2 1431 1
1 4468 3 1
2 9638 5
1 7102 2 6
2 5174 8
1 668 6 3
1 905 9 4
1 567 6 4
2 6150 9
2 4865 8
1 6089 5 8
2 2117 8
2 4006 2
2 7006 2
1 4951 8 8
1 4510 3 9
2 5084 7
1 6685 3 2
2 7658 3
2 2811 8
2 6147 7
2 72 9
1 5951 2 1
2 3123 6
1 5032 6 5
1 8012 7 4
1 1389 0 6
2 683 7
2 756 3
1 9877 5 1
2 3397 9
1 667 0 9
2 6171 4
2 7914 7
1 7079 1 3
1 8901 8 0
2 711 5
2 4053 3
2 9874 5
1 895 4 3
1 4958 3 2
1 3824 5 7
2 4465 8
1 9897 3 3
1 4977 6 0
2 2602 1
1 6897 0 1
2 3643 5
1 1512 6 8
2 3675 2
2 4345 8
1 8253 1 6
1 7848 1 4
2 9601 0
2 9692 4
1 8774 2 2
1 53 1 7
2 7012 1
1 4457 1 7
1 5202 6 1
2 3051 8
1 6000 1 0
2 4596 0
1 3120 3 8
2 3781 6
1 1285 3 5
2 7120 7
1 1100 7 1
1 5065 7 9
2 8026 8
1 7903 5 1
2 4005 9
1 714 7 4
2 4575 4
1 2586 9 2
1 9282 9 0
2 8480 8
1 821 6 6
2 1595 1
2 9359 5
1 4258 1 4
1 5234 0 7
2 9082 5
1 6517 9 6
2 6403 4
1 7840 2 9
1 956 4 3
1 2020 3 0
1 8254 2 7
1 2612 9 9
2 3187 1
1 673 2 3
2 9758 8
1 9457 1 7
2 8068 7
2 9638 9
2 1188 3
2 8486 6
2 9672 0
2 2185 1
2 4353 2
2 7506 8
1 756 6 1
1 8823 6 9
1 282 7 8
1 5450 3 7
1 7339 9 1
2 4968 2
2 1247 3
2 8659 3
2 4991 3
2 9527 8
2 6780 9
1 8266 3 3
1 1657 2 8
2 1375 0
2 4118 3
1 9123 5 2
2 9964 3
2 2524 8
1 7158 7 5
1 1138 5 2
2 5012 4
1 7245 8 9
1 6502 6 4
1 1732 8 6
2 8044 4
1 3766 0 2
2 3699 1
2 4937 2
1 5968 4 0
1 7041 8 9
2 8700 3
2 1603 1
1 3585 0 2
1 4859 0 8
2 6707 6
2 9474 6
2 547 9
1 1933 7 2
2 1026 8
1 7300 6 0
1 2097 8 5
2 4354 0
1 4453 2 2
2 8107 6
1 8612 3 4
1 5899 2 6
2 8291 8
1 2119 9 5
1 4045 2 5
1 5482 7 7
2 180 1
2 4541 2
2 2942 5
1 1498 9 1
1 7882 9 0
1 3645 4 3
2 7197 7
2 306 6
2 7142 2
1 3018 4 9
2 9235 4
2 9877 6
1 9897 1 0
2 2772 2
1 6525 8 4
1 8288 4 6
2 3196 1
1 1621 3 4
1 1184 2 6
1 4288 0 7
2 6810 4
2 3835 8
1 9378 7 7
1 3822 9 2
1 7014 4 0
2 6067 2
1 3983 3 1
2 1187 0
2 7684 8
1 3524 9 0
2 6903 5
1 6161 7 5
2 1997 0
1 8906 1 5
2 2675 0
1 3519 8 4
1 9900 8 6
1 7555 0 1
1 7501 8 2
1 2133 3 7
2 7672 1
1 3740 4 2
2 9690 4
1 2943 2 0
1 3944 6 5
2 150 0
2 9689 5
1 5306 8 7
1 8878 0 4
1 2918 0 8
1 2366 5 0
2 4961 9
1 3965 6 5
2 4226 4
2 9674 0
1 5718 7 6
2 7788 6
1 9162 6 2
1 874 7 6
1 3255 1 4
1 5391 1 2
2 9033 3
2 8269 3
2 1436 2
2 6525 7
2 9090 9
2 2960 9
1 9903 9 4
1 3823 9 6
2 5822 5
2 1500 0
1 408 9 0
1 2262 2 1
1 6901 7 2
2 248 9
1 8836 8 7
2 5097 3
2 5223 7
1 2458 2 3
2 1163 5
1 5036 1 4
2 4391 5
1 1819 6 9
1 1202 4 0
2 7906 5
2 7745 7
1 7645 2 8
1 3141 7 7
2 5469 6
2 5392 1
2 954 0
1 4295 7 9
1 3572 8 3
1 6022 8 5
2 1266 1
1 7492 6 7
1 3759 5 9
2 6457 4
1 1330 7 2
2 4605 5
2 1489 0
1 8795 9 0
1 2417 4 9
2 3520 6
2 1467 1
1 9297 9 7
1 3509 0 5
2 1279 1
1 2065 1 1
1 9118 0 9
2 4039 0
1 1799 1 2
2 3821 1
2 1996 1
2 1218 7
2 8510 7
1 9444 3 3
1 8921 4 2
2 7874 2
1 437 8 3
2 9727 7
2 8422 9
1 2608 4 6
2 6491 0
1 5019 5 4
1 3980 5 3
2 5757 5
2 4538 6
2 8390 1
1 4068 1 3
2 9830 7
1 7728 3 1
1 9915 9 4
2 5298 3
1 260 0 4
2 9875 7
1 3819 3 5
2 6940 8
2 3745 7
1 5592 0 8
2 6 9
1 4789 1 8
2 7894 1
2 7022 5
1 7905 6 9
2 8171 0
1 6201 4 8
2 7003 8
1 3457 0 1
1 9760 4 7
1 752 0 6
1 1551 4 4
1 7495 7 3
2 9346 1
2 4268 4
1 2685 5 3
1 4745 5 2
2 3175 4
1 104 9 3
2 9016 1
1 4183 5 1
2 7424 0
1 3701 3 6
2 9955 9
1 4805 0 4
2 9137 4
2 2177 8
2 8954 8
2 4264 5
1 1087 0 1
1 1129 1 0
1 6992 0 8
2 5683 4
2 4602 2
2 1919 8
1 2366 9 0
2 9033 8
1 3678 9 9
2 2861 2
2 6969 2
1 4018 1 2
2 4621 7
2 1966 9
2 6997 8
1 8543 2 6
1 3308 0 4
2 4747 8
2 8979 7
1 7276 8 0
1 9522 4 8
1 7424 9 5
2 1050 1
2 6904 2
2 9780 5
2 2396 9
1 3041 2 4
2 1935 5
1 1344 1 1
1 4742 7 8
1 8654 2 2
1 7192 3 2
2 9031 9
1 8081 7 3
2 5008 5
1 7082 2 1
2 2370 8
1 2439 3 3
2 1551 5
2 6648 3
2 4895 2
2 3500 1
1 7711 9 1
1 6879 0 8
2 2737 1
2 6071 0
2 3852 7
2 864 9
2 8969 2
1 8555 0 6
1 4374 5 9
2 1769 0
1 4039 0 4
1 7902 7 3
1 4172 0 8
1 6449 4 4
1 9599 6 0
2 8470 4
1 1122 2 4
1 6923 5 3
1 1980 6 5
2 3916 2
1 1442 9 0
1 5743 1 9
2 5802 8
2 7298 8
2 7664 3
2 2709 2
2 8533 1
2 5881 7
1 3317 2 0
1 353 3 6
1 2453 3 1
1 9478 1 9
1 610 6 7
2 9311 1
2 1918 6
1 2424 8 2
1 9944 0 5
1 4270 9 0
1 7672 6 7
2 6802 5
2 3064 3
1 9404 0 5
1 920 4 4
1 4023 0 0
2 6205 4
2 1788 7
2 3347 9
1 9818 3 1
2 8581 3
2 4525 8
2 7444 8
1 828 7 7
2 778 4
1 2060 9 0
1 1583 4 1
1 842 5 4
2 5775 7
2 7918 4
1 2283 0 6
1 5651 8 3
2 2980 3
1 945 9 9
2 3975 4
1 8493 7 3
2 4504 6
1 1862 6 2
2 4656 9
1 6336 2 7
1 6447 9 7
1 2178 3 6
2 3987 0
2 4848 0
2 1798 1
2 2821 8
2 4931 9
1 8733 5 5
2 9215 5
2 2033 6
1 608 3 9
2 5320 4
1 8023 7 8
2 7367 0
1 6660 3 4
2 8011 9
1 290 3 0
2 2052 5
1 635 0 3
2 4198 1
1 3626 5 8
1 8292 1 1
1 4511 1 2
2 773 1
2 7875 2
2 2935 5
2 5843 3
2 8705 3
2 4175 8
1 8905 1 4
1 3876 2 3
1 5417 2 5
1 5877 1 4
1 145 5 9
1 7234 8 3
2 4172 3
1 4600 6 8
2 4532 2
1 3854 8 5
1 6205 9 7
1 5229 5 9
2 40 6
2 3896 9
1 8489 0 7
1 748 8 0
2 4059 4
1 6898 6 0
1 8044 9 4
1 6741 9 2
2 9613 0
1 4442 6 9
2 1571 3
1 7743 7 0
1 5503 3 3
2 2500 4
1 6195 6 4
1 6357 8 3
1 6556 2 8
1 8552 4 6
2 3899 1
2 581 3
1 7507 3 2
1 6400 9 0
2 1124 1
2 954 7
2 8614 9
1 3463 3 6
1 5616 4 6
1 4658 6 7
2 3900 3
1 8586 7 8
2 1354 5
2 2377 5
1 5275 6 7
2 9095 7
1 3426 2 6
2 8774 4
1 3179 3 1
2 3961 1
1 5053 6 9
2 3545 8
2 7277 1
2 4959 9
2 2449 5
1 4832 9 3
1 986 2 9
2 193 5
1 5666 0 3
1 5594 2 5
2 2290 2
2 9453 9
2 7147 1
1 696 2 1
1 4845 7 2
1 4039 1 8
1 4858 0 4
1 1773 2 2
2 9522 0
2 4045 2
2 3265 9
1 7549 9 2
1 4665 2 0
1 8250 0 0
2 3397 9
2 5542 3
2 9072 2
2 5868 5
2 5124 7
1 4006 5 5
1 9824 6 9
1 5302 8 6
2 5874 1
1 810 4 2
2 9424 8
1 9988 2 7
1 4154 1 2
1 3396 9 2
2 4131 1
2 2348 2
1 8888 8 2
2 6086 8
2 4152 2
2 9678 6
1 6081 4 2
1 2007 9 6
1 2855 6 0
1 4525 6 7
1 8468 4 5
2 1212 2
2 7221 5
1 9285 6 3
2 7674 2
1 1494 2 7
2 8771 5
1 9064 6 8
2 6453 2
1 2337 4 5
1 2793 3 0
1 2453 8 7
1 7711 4 9
2 1535 8
1 2558 7 1
2 97 3
2 4829 7
1 3598 4 7
1 8968 2 6
2 2281 0
2 9288 9
1 9142 5 5
2 413 2
2 733 7
1 8227 6 9
2 6614 8
2 6362 6
1 1299 7 5
2 4483 2
1 6528 8 6
1 2727 2 6
1 1191 6 7
2 908 0
2 241 7
2 8900 8
1 6829 6 9
2 8503 5
2 5387 6
1 9372 9 0
1 1577 3 0
2 6154 8
2 540 8
2 6429 0
2 9861 8
2 1834 8
1 7363 1 6
1 1570 1 8
1 1823 9 1
2 6697 6
1 566 4 3
1 4250 9 2
2 4284 9
2 3381 5
2 5534 7
2 881 8
2 1778 0
1 504 8 2
1 6461 5 8
1 8709 0 4
1 8886 5 3
2 4429 1
2 1185 6
1 7917 5 6
2 4871 8
2 632 1
1 27 9 5
1 1700 4 4
1 6111 4 8
1 3356 6 7
1 9994 2 0
2 2688 1
1 3906 0 4
1 6576 0 5
2 7852 8
1 3895 3 2
2 411 8
1 7267 8 7
1 4386 5 4
2 2440 8
1 5332 0 8
1 5952 6 2
1 1724 9 8
2 4051 8
2 1088 4
1 9015 7 3
1 6919 1 2
2 3851 9
2 8297 9
2 8212 4
2 8801 2
2 6510 5
2 1774 9
2 8574 8
1 4717 5 6
2 8831 0
2 5482 8
2 5105 8
1 4258 4 6
1 9543 6 0
2 7585 9
2 86 3
2 301 3
1 2722 0 6
1 7448 9 1
1 6844 8 0
1 3928 2 2
2 9737 2
1 881 6 8
2 4639 8
1 223 1 6
2 87 5
1 3117 2 2
2 8439 3
2 5139 9
2 1289 3
1 9909 7 2
2 7991 8
1 3975 9 1
2 4656 8
2 7452 3
2 9035 1
2 5215 5
2 7017 6
2 8889 2
1 5240 1 3
2 510 3
1 9630 8 2
2 9099 1
2 760 9
1 5946 4 2
2 3430 9
2 9011 0
2 4917 2
1 6202 7 6
2 665 9
2 2589 4
1 3828 8 0
1 9894 6 9
1 8319 3 9
1 8926 0 4
2 1047 2
1 6437 7 5
2 8648 2
1 2371 6 9
2 5094 5
1 9226 0 5
1 3243 2 2
2 3203 7
2 3553 8
1 9067 1 7
2 3409 3
2 758 2
1 8162 9 5
2 2848 2
1 2306 8 3
2 7725 2
2 6268 0
1 5111 6 2
1 418 7 6
1 1069 6 4
2 2169 4
1 1858 3 2
2 7905 6
2 431 5
1 2537 3 3
2 6255 2
1 7711 8 7
1 1252 3 0
1 2897 3 5
2 9994 2
2 9493 3
2 6349 3
2 8026 1
1 4804 1 8
2 6762 9
1 6182 2 4
2 7172 3
1 416 2 8
2 6409 8
2 4586 4
1 4880 2 5
2 4353 6
1 8946 2 2
2 35 2
1 6670 1 9
2 1358 8
1 5835 7 0
2 8949 6
1 3219 6 2
1 1756 9 0
2 5532 9
2 1772 1
2 4352 1
2 7451 0
2 9323 2
2 3901 6
1 6347 4 5
2 6413 1
2 5741 3
2 898 7
1 4497 4 1
2 219 3
1 9634 0 8
1 9612 8 8
1 7646 9 9
2 7837 8
1 9645 2 3
1 8204 3 5
2 405 9
2 5348 4
2 152 8
2 6145 1
1 4131 2 2
2 8623 4
1 5198 0 0
1 4498 2 0
1 5903 3 3
2 1023 4
2 8444 9
1 4395 1 7
2 1340 4
1 2623 4 6
2 8489 2
1 6089 1 1
2 266 7
1 2320 8 6
2 3788 6
1 9571 0 5
1 9009 1 4
2 3066 4
2 5142 7
2 9883 3
1 4710 7 8
1 2099 8 5
2 3733 0
1 1234 5 3
2 8174 3
2 9387 1
1 8095 0 5
1 7387 0 2
1 3049 9 8
2 2886 3
1 4173 4 1
2 1896 9
2 4485 3
1 2712 3 9
1 9743 7 6
2 3463 7
2 6674 2
2 684 7
1 5457 2 6
1 1066 0 0
2 18 0
1 7969 0 9
2 4034 9
2 5150 4
1 5755 8 5
2 3845 9
2 375 5
1 3199 5 4
1 934 9 3
1 1302 3 7
2 133 6
2 4692 9
1 5774 4 7
2 4674 2
2 4248 0
1 3760 5 6
1 8658 5 0
1 8295 8 8
2 1056 8
2 9337 8
2 8169 4
2 9857 5
2 7619 9
2 275 5
1 6256 3 8
2 6498 1
1 8714 9 6
1 6900 7 8
1 6586 2 8
1 421 6 8
1 5773 2 8
1 2139 9 7
2 7929 8
2 2050 7
1 8318 4 2
1 4605 5 9
1 7354 2 7
1 6746 8 4
1 1981 4 8
1 4814 7 2
2 6051 8
2 2331 2
2 2986 4
2 8564 6
2 5737 7
2 8852 8
2 6140 3
1 9800 8 6
2 516 1
1 1194 6 4
2 2458 9
1 8892 0 0
2 2071 1
1 216 5 8
1 9199 1 6
2 489 2
1 2806 8 7
1 3648 5 5
1 1394 8 9
1 1224 2 7
1 8427 6 3
2 7012 3
1 4708 7 7
2 9988 1
2 8103 6
2 967 2
2 921 1
2 8605 7
2 8515 5
1 232 2 4
1 8183 5 8
1 2596 7 3
1 9488 3 3
2 7405 0
2 2017 7
2 2708 1
2 8546 1
1 4215 4 1
2 2401 3
1 4428 4 3
2 5028 5
2 5994 9
2 5023 9
2 9454 5
1 7592 3 8
2 4148 5
1 1285 5 4
1 2058 0 8
2 3535 7
1 9789 7 8
1 238 7 1
1 6772 0 4
1 3076 1 8
2 857 2
1 4113 2 9
1 264 7 7
1 9351 0 6
1 73 3 6
2 5747 0
1 6682 3 9
1 4305 6 7
1 6231 4 4
1 5299 5 6
2 7214 4
1 187 2 8
1 2386 7 8
1 7382 7 8
1 8720 8 9
2 2173 4
2 6545 0
1 8195 6 4
1 9909 9 3
2 5933 8
2 4306 9
2 7767 0
2 2758 5
1 2134 4 7
2 3711 8
2 8816 3
2 2078 5
2 3725 0
1 6027 5 7
1 5590 4 1
2 1353 2
1 274 3 9
2 2576 6
1 3313 6 2
1 4995 8 0
2 8938 1
2 6189 0
2 242 2
1 1740 9 3
1 4849 7 4
1 1505 9 9
1 6506 7 2
1 2924 9 3
2 8766 4
2 4687 9
1 1387 0 8
1 103 0 2
1 154 1 9
1 9269 0 9
1 6536 0 7
1 4365 3 2
1 3485 0 9
2 7610 7
2 6195 1
2 5576 9
1 991 6 2
1 2781 9 3
1 5032 6 4
2 2575 9
2 8905 5
1 8116 8 6
2 9219 9
2 8521 8
1 9458 8 2
2 5381 7
2 3822 5
2 8317 2
1 3819 4 1
1 7981 7 6
1 2956 6 3
2 8814 5
2 5381 5
1 7092 7 4
2 1918 4
2 9669 2
2 9012 7
1 7358 3 2
2 664 0
2 6831 4
2 4051 4
1 8594 6 1
2 1927 3
1 1333 1 0
2 6131 5
1 4536 6 7
2 8310 9
1 8482 5 1
1 5597 6 1
1 6513 7 3
1 5686 3 0
1 7839 9 2
1 5115 8 2
1 321 0 3
1 680 6 8
1 2253 7 0
2 6054 5
1 5995 6 5
1 5975 2 7
2 2717 6
1 1215 3 7
1 8778 7 5
2 6771 6
1 5260 7 7
1 1386 2 2
2 9772 1
1 5458 4 4
1 651 1 6
1 1323 1 7
1 6118 1 7
1 3641 4 4
1 1561 3 5
1 792 8 9
1 3796 8 5
2 2056 4
2 9302 1
1 8352 7 4
2 379 9
1 6101 2 9
1 5835 2 8
1 7304 2 0
2 4263 7
1 4237 5 0
1 4086 0 1
2 8891 9
1 1636 8 2
2 5062 7
2 2476 4
2 9862 2
1 1556 9 2
1 2559 8 0
2 8292 0
2 3433 3
2 5958 5
2 2053 7
1 2695 6 6
1 9751 4 4
2 6053 4
1 1117 0 5
1 9086 6 0
2 7078 6
1 1773 2 8
2 6430 4
1 2311 3 3
1 1889 8 9
1 3789 6 6
1 5452 7 3
2 3790 0
2 4927 5
2 701 7
2 3740 3
1 755 9 6
2 5138 7
1 9118 2 9
1 9222 2 2
1 7375 4 9
2 6517 0
2 5190 9
2 1318 3
1 7374 7 7
1 9730 8 1
2 3193 6
2 4972 9
1 8753 0 9
1 7499 5 0
1 5480 3 8
1 3837 4 0
2 86 0
2 2814 5
2 174 2
1 8915 8 5
1 1495 3 9
2 7842 9
2 4675 3
2 3362 1
2 3087 0
1 6501 8 7
2 3330 1
2 6959 1
1 4447 5 5
1 2530 6 0
2 344 4
1 2480 3 8
1 5687 2 4
1 1454 8 8
1 7259 5 9
1 9995 3 0
2 1684 4
1 5350 2 6
2 8676 3
1 5570 3 6
1 9222 1 0
2 9336 1
2 9534 6
2 9911 6
1 6902 8 9
2 232 0
1 5373 9 7
2 2480 5
2 8282 8
1 6452 6 2
1 9012 8 3
2 9572 8
2 5209 7
1 2662 7 1
1 7640 5 5
2 2537 6
2 6367 5
2 8000 5
1 7524 6 4
2 7757 4
2 6399 7
1 272 0 2
2 1229 2
2 7915 1
2 2881 0
2 3419 0
1 5292 1 0
1 6942 9 1
1 1785 9 9
2 7860 1
1 3570 7 7
2 8874 2
2 4906 3
1 8258 3 6
2 8122 9
2 6042 4
2 6197 7
1 9486 8 3
2 1476 4
2 5830 2
2 1990 0
1 8575 0 6
2 4167 5
1 3775 9 8
1 2611 8 2
2 8777 8
2 429 2
1 9743 5 3
1 1809 5 5
1 3913 3 9
1 6889 0 7
2 9145 6
1 890 3 6
1 7231 0 9
1 1272 4 5
2 5492 3
2 4366 5
2 762 5
2 2466 7
2 1985 0
2 6659 4
2 7845 5
2 9768 6
1 8613 4 3
1 8126 0 3
1 3528 6 1
2 8721 3
2 9762 9
1 4609 8 4
2 8678 5
1 2336 4 1
1 3977 7 4
2 5402 4
2 8834 9
2 7283 8
2 3341 7
1 1273 9 4
1 5670 7 6
1 1573 9 7
2 2497 4
2 9468 4
1 1257 3 6
1 8699 7 7
2 7587 9
2 2335 8
1 7921 4 3
2 7948 6
1 5693 0 1
1 7034 1 7
2 8899 9
1 8210 0 8
2 8397 9
2 1239 5
1 7130 0 6
1 758 9 7
2 3050 7
2 5190 5
2 4876 4
1 4453 6 7
2 6825 1
2 993 0
1 9688 1 9
2 9062 9
2 2443 4
1 2774 5 0
1 3495 2 6
2 1045 4
1 1483 1 6
1 5949 6 5
1 5826 6 4
1 993 9 4
1 8065 1 3
2 4290 9
1 192 4 6
1 1726 5 1
2 9217 1
2 3134 9
2 3469 1
1 4015 3 6
1 2524 4 8
1 2984 3 9
2 3628 4
2 7260 1
1 7941 7 6
2 5425 8
1 1168 4 0
2 830 8
2 8044 8
1 11 8 3
2 8864 0
1 597 5 1
2 5027 6
2 325 3
1 6290 9 7
1 7751 1 1
1 688 3 2
2 8183 5
1 8655 0 0
2 817 0
2 7906 2
2 8062 0
2 4123 0
1 2295 5 8
2 5910 4
1 7926 0 4
1 539 6 1
2 7884 5
2 8807 2
1 2887 2 2
1 835 1 4
2 2722 0
1 2037 5 8
1 9196 8 2
2 9130 7
1 55 3 4
1 9807 7 9
2 7653 2
1 4733 3 9
2 258 6
1 4926 1 3
1 5692 8 7
1 5658 0 4
2 220 4
2 3168 3
1 3426 9 5
1 7366 9 7
2 9932 7
1 1718 5 3
2 5224 1
2 390 9
2 2987 1
1 6221 3 3
1 9137 8 0
1 8748 2 9
1 6551 2 5
2 1159 9
1 2463 7 5
1 9698 7 6
1 1272 3 9
2 4505 8
2 7277 7
2 8158 2
1 1494 0 0
1 5863 0 7
1 6811 9 4
2 7182 6
2 3607 9
2 3692 3
2 3550 3
1 8893 2 0
2 4305 1
2 1457 1
1 8580 9 9
2 3276 8
2 7514 0
2 2624 8
1 7659 4 3
1 813 5 7
1 4376 8 6
2 2526 7
2 7988 7
2 1988 5
2 6976 7
1 5978 7 0
1 7450 6 5
1 4748 8 9
1 6875 3 9
2 9358 7
2 8953 0
2 281 8
1 9469 7 3
1 2369 2 2
1 2118 3 3
1 5268 8 7
1 8370 5 8
2 8811 0
1 4146 1 3
2 5693 8
1 7571 9 7
1 8881 2 7
2 2518 8
2 7666 1
2 6618 0
2 602 3
1 1008 4 0
2 2740 3
1 8155 0 7
1 3618 9 3
2 539 6
1 5764 7 7
2 811 7
1 2892 5 8
2 9518 5
2 5952 2
1 5180 1 2
1 1216 5 6
2 6168 8
2 6541 5
1 8365 6 8
2 522 1
2 2822 9
2 7873 6
2 8388 3
1 1937 6 6
2 4372 0
1 5901 1 2
2 2062 1
1 5621 9 8
1 676 9 8
2 9483 9
1 9652 2 5
2 3132 2
1 7761 9 5
1 7433 9 4
1 3025 9 8
1 2695 1 2
2 7624 6
2 6444 1
1 7118 1 2
2 1063 9
1 6399 8 5
1 96 5 7
2 6341 6
1 1393 9 6
2 9091 4
1 7318 4 4
1 5286 1 1
1 4687 7 3
1 6825 0 7
2 1097 6
2 8424 4
2 5727 8
2 5496 1
2 6993 4
1 9410 2 2
2 3052 8
1 335 6 0
2 9868 1
2 643 5
2 7255 1
1 4502 1 3
1 9075 0 5
2 5507 6
1 9032 2 2
2 7935 4
2 7439 9
2 9818 1
1 9616 1 0
1 9971 9 5
1 123 9 2
2 3667 8
2 9656 6
2 3223 2
2 5296 1
2 3149 8
2 3379 6
1 5372 6 9
2 6182 7
1 4352 6 4
2 2049 4
2 617 8
1 2218 1 7
1 3457 5 4
1 2620 7 3
2 6665 3
1 1341 0 6
2 5851 6
2 392 5
2 1216 8
1 9225 4 3
2 2806 5
2 5514 8
2 7816 2
2 1374 0
1 4466 9 3
2 377 9
1 662 3 8
2 8282 3
1 8857 4 6
1 7858 2 9
1 4295 4 1
2 6609 9
2 1613 1
2 3123 4
2 588 2
2 9148 6
2 9991 9
1 6321 2 1
2 6609 0
2 5191 4
1 4951 9 4
1 953 6 1
2 3150 9
2 8233 4
2 1444 4
1 3164 9 7
2 1831 2
2 9297 9
2 374 1
2 6873 3
2 195 3
1 9022 3 2
1 7530 4 1
2 5460 5
2 4482 5
1 912 4 0
1 1924 4 0
2 9421 3
2 3084 8
1 6223 1 0
2 8105 6
2 4537 4
2 3825 4
2 3118 3
2 2583 8
2 5838 7
2 8880 6
2 6561 9
1 8526 7 3
2 1371 3
2 9867 8
1 1445 5 4
1 8903 6 1
2 7788 8
1 8620 8 7
1 3061 1 5
1 4525 2 3
2 762 2
1 72 2 1
1 244 8 7
2 2343 4
2 5030 5
1 9927 7 4
2 2458 6
1 2070 1 4
2 4876 7
2 6104 6
1 3863 2 0
1 2075 6 8
2 2181 1
2 7544 1
2 8613 7
1 777 9 4
2 6864 0
2 271 4
1 8404 7 4
2 5991 7
1 7613 3 6
1 6550 7 5
1 7164 8 2
1 1405 0 5
1 549 1 4
2 7610 3
2 7471 3
1 97 2 7
2 5229 1
2 3248 5
2 1811 6
1 6657 2 4
2 5305 6
1 6838 9 2
2 5046 5
2 8146 0
2 7691 8
1 7477 6 1
2 6162 3
2 1605 1
2 5795 5
1 9 9 0
2 944 4
1 9747 5 1
1 9421 2 1
2 8951 5
1 9753 8 0
1 8686 9 4
1 257 5 1
2 7011 3
2 9138 1
1 8638 0 1
2 4365 6
2 3638 1
2 6916 9
2 7201 2
2 499 9
2 7981 3
2 9727 3
1 156 8 7
1 2884 5 6
1 4869 2 5
1 5750 7 1
1 1666 8 5
2 5620 4
2 8796 6
2 9576 1
2 8109 8
2 1679 7
2 3790 3
1 295 5 3
2 3471 2
2 7313 3
1 2005 3 2
1 2989 2 7
1 1590 2 8
1 7938 8 2
2 9079 8
2 8970 1
1 1532 7 2
2 155 7
2 826 8
2 2058 3
1 5539 1 7
2 5100 1
2 5650 8
1 3617 4 8
1 7983 4 6
1 4720 2 0
2 7538 3
1 9664 9 9
1 8925 2 2
1 1517 2 5
2 5973 8
2 2333 8
1 4380 2 2
2 359 9
1 280 5 0
2 4239 2
2 1909 5
1 2832 9 1
1 3458 4 6
2 2699 1
1 5699 3 4
1 1928 9 2
1 796 0 4
2 2863 5
1 8479 4 8
2 2512 1
1 3473 9 8
1 7580 6 3
2 4859 8
1 8095 2 3
2 6067 9
2 7541 7
1 1894 0 9
1 2174 1 3
1 4473 6 2
2 9427 2
1 7917 9 9
1 2005 2 9
2 7906 0
1 4325 7 0
2 9401 9
1 3817 1 7
1 3793 9 3
1 1314 9 6
1 8171 0 5
2 7049 4
2 7014 7
1 6503 7 9
1 234 3 2
1 9066 0 6
2 1750 4
1 6003 5 1
2 147 7
2 9996 2
2 6945 8
2 9718 9
2 6137 5
2 2129 0
1 4123 9 0
2 1096 4
1 7702 9 8
1 5630 3 2
2 2399 8
2 7685 1
1 3974 3 0
1 8997 1 6
2 2171 1
1 2818 4 2
2 8182 4
2 2435 2
1 7417 5 7
2 6545 6
2 805 8
2 4459 2
1 6940 0 4
2 7273 3
2 9133 4
1 3617 5 8
2 1593 2
2 1789 6
2 3818 7
2 7216 4
2 7005 3
2 2426 2
1 988 5 9
2 3010 5
2 9608 7
1 781 9 3
2 2136 7
1 9277 9 6
1 8166 1 7
1 666 9 2
1 6904 2 3
2 5501 7
2 4285 8
2 6236 0
1 531 2 1
2 8258 4
1 5670 0 7
1 9387 9 6
2 699 9
2 2318 0
1 469 1 3
2 5110 4
1 8691 2 5
1 531 5 0
1 239 5 3
1 4887 6 3
2 1691 4
2 6198 7
1 6863 6 5
1 1434 7 1
2 9399 1
2 7279 8
1 4057 4 5
1 3424 8 3
2 8770 9
2 4886 1
2 3442 1
2 4687 2
2 9710 9
2 7057 9
1 245 6 8
1 2853 5 1
1 7393 8 2
1 3167 1 7
1 7474 5 0
1 3236 3 4
1 205 4 1
2 714 1
2 4967 6
2 3067 8
2 7370 2
2 8240 6
2 1215 3
1 6490 7 0
2 9972 2
1 4851 1 2
1 8437 4 1
2 9763 8
2 7747 4
1 5451 3 9
1 4171 0 5
2 5316 8
1 9817 0 5
1 1862 6 5
2 9869 6
1 9050 0 3
1 2463 0 5
2 4752 7
2 981 9
2 2955 7
2 7466 9
1 7566 3 5
2 2779 2
1 4548 8 5
1 9040 4 8
1 9735 7 9
2 9174 1
1 8093 3 9
2 3669 6
2 111 5
1 4341 3 2
2 6961 1
2 3831 7
2 4156 8
2 153 3
1 5053 8 0
2 2266 8
1 5411 4 4
2 1398 5
1 2697 0 3
1 2789 7 1
1 3217 0 9
2 4814 2
2 996 6
1 8224 5 8
1 7108 3 2
1 1611 2 4
2 9887 5
2 9045 0
1 9987 1 7
2 8666 0
2 5334 0
2 1402 4
2 4303 4
1 3632 1 5
1 1711 8 6
1 3967 1 2
2 9815 9
1 1177 3 4
1 2497 2 2
1 6827 7 0
2 4713 1
1 7245 7 2
2 2577 3
2 265 6
1 4461 2 6
2 7664 6
1 3317 1 3
1 3433 8 1
1 7967 8 6
2 3883 9
2 9955 9
1 6372 9 9
2 5270 4
1 4403 9 1
2 8706 3
1 9472 1 0
1 3896 8 3
2 3242 0
1 1520 3 6
1 7928 7 0
1 5987 7 3
2 8418 5
1 1347 2 7
1 1744 6 1
1 1518 3 5
1 4522 0 2
1 9645 1 4
2 5491 5
2 5363 8
1 3313 2 3
2 6930 6
1 7740 3 5
1 692 1 7
2 9746 7
1 5656 7 9
2 5752 6
1 6446 5 7
2 553 8
1 3351 4 9
1 1930 0 1
1 5244 6 4
1 8556 1 2
2 3821 3
1 1561 2 2
1 6752 5 5
2 1822 0
2 4022 7
2 2624 4
2 1861 8
1 3970 1 8
2 2123 4
2 4112 6
2 7168 4
1 7386 6 4
1 6275 5 0
2 4622 4
1 1272 3 2
2 1506 4
1 7588 7 9
2 2881 9
2 8754 9
1 940 6 0
1 355 1 0
1 5819 5 4
2 5505 4
2 3696 8
1 4208 1 8
1 3312 3 0
2 4696 8
1 1533 5 8
2 6316 2
1 4084 8 5
2 356 1
2 554 7
2 8881 0
2 1015 6
2 1017 8
1 9688 9 1
1 575 9 5
1 4182 0 5
2 7875 7
2 5788 2
2 6031 3
1 3337 2 8
1 2466 1 3
1 4543 5 7
1 4329 9 8
1 4351 0 6
1 1111 8 2
1 7005 1 9
2 2545 7
2 9799 3
1 2959 7 9
2 9567 6
2 96 6
1 1261 9 1
2 9349 9
1 9566 6 8
1 2263 6 7
1 5765 2 9
1 8996 7 6
2 6551 9
2 9429 4
1 6067 3 4
2 5877 1
2 3185 1
2 9095 5
1 6471 7 6
1 3664 1 3
2 6563 5
1 5321 8 5
1 3654 6 2
2 9661 3
1 1539 3 3
1 637 3 8
1 911 5 0
2 6674 6
2 1216 8
1 7353 6 6
2 8932 0
2 1325 9
2 7075 2
1 4178 2 1
2 6790 5
1 3732 4 4
2 4298 6
2 812 3
1 2302 5 8
1 1107 5 6
1 5345 5 3
2 4899 9
1 1733 6 2
1 5694 7 4
1 5815 0 8
1 7146 1 5
2 395 9
2 9353 1
1 3757 1 8
2 2959 8
1 4856 3 8
2 5978 3
2 7802 0
2 8061 7
1 970 5 7
1 7398 9 7
1 1803 5 6
1 7918 9 6
1 9483 1 0
2 2094 3
2 5778 3
1 5624 7 4
1 1668 1 0
2 1828 7
1 3620 9 0
1 2569 6 2
2 1850 2
2 9220 7
1 9207 2 1
1 7055 6 5
1 2707 0 0
2 5043 6
1 7332 6 0
1 3536 5 9
2 2497 1
2 1917 2
1 6124 5 2
1 598 4 3
1 9612 3 6
1 4900 9 3
1 2310 2 4
2 9420 4
2 9603 2
2 4893 6
2 2394 0
1 594 0 6
1 3042 7 4
1 5979 0 6
1 9904 9 1
2 1029 0
1 3295 2 8
1 5300 9 3
2 4055 7
2 9911 6
1 1352 1 2
2 9648 4
2 6229 9
1 5588 7 5
2 5818 9
2 8422 7
2 7426 9
2 5207 6
2 946 4
1 6543 6 6
2 6935 2
1 3177 3 9
2 3231 2
1 6300 5 2
2 6596 2
2 3630 9
1 1608 5 4
1 8417 3 0
2 3220 0
1 5284 3 5
1 3698 7 9
1 5796 6 5
2 317 4
1 4708 6 3
2 3235 1
2 6487 7
2 1463 2
1 4925 0 6
1 3508 8 1
1 9385 8 0
1 7051 6 6
2 9274 3
2 5639 4
1 2740 2 8
2 9022 0
2 1657 0
1 7683 9 1
1 7119 9 9
1 6358 4 0
2 7599 2
1 1398 1 9
2 6443 6
1 3624 0 6
1 4560 4 1
2 997 3
1 102 9 2
1 9033 3 7
1 4750 5 6
2 9377 6
2 263 4
1 3412 9 0
2 5120 5
1 4590 2 3
1 8060 0 5
2 1145 8
2 6158 9
2 6878 3
2 9282 4
2 3205 7
2 52 4
2 9786 1
1 4164 5 2
1 5821 5 5
2 579 4
2 5642 4
2 639 1
1 224 6 4
1 2019 0 6
1 962 7 4
2 9098 2
2 7651 9
1 6080 5 6
2 5309 5
2 1693 3
1 6307 1 1
2 798 9
2 9313 4
2 7236 4
2 3317 7
1 8766 6 5
2 9438 1
1 3733 1 5
1 7349 4 2
1 5168 6 3
2 4424 3
2 159 9
2 8583 4
2 9557 1
1 2279 7 9
1 3129 2 7
2 4912 0
1 2283 2 3
1 782 9 8
2 3882 9
1 8052 4 3
2 4657 4
1 3542 9 8
2 7931 2
2 2802 3
2 7280 0
1 9240 3 6
1 9461 8 5
1 6840 0 4
1 9311 3 0
1 8434 0 6
1 9727 0 5
1 3635 6 1
1 9071 2 0
2 7132 8
2 8204 0
2 9646 3
2 1828 9
1 9047 2 5
1 3135 2 5
1 1819 1 9
1 3271 5 6
1 9658 1 6
2 7822 3
1 8283 3 5
2 8771 5
1 6172 2 5
2 7500 9
1 513 9 8
1 6508 3 5
2 6889 2
2 5996 0
1 2438 2 6
1 8380 0 6
1 4587 2 4
2 6945 8
2 9047 1
2 7976 9
2 8220 5
2 8319 2
2 2499 0
2 2256 8
2 6725 7
2 9465 5
2 7550 3
1 5655 7 9
2 837 6
2 8119 9
2 9372 3
2 6066 9
2 5449 4
2 7011 8
2 5399 0
2 5315 1
1 846 9 2
1 1968 4 5
2 3822 0
1 7544 0 3
2 6899 8
2 1811 1
1 5245 3 6
2 7568 1
1 8421 9 1
1 363 0 2
1 5762 9 9
1 7821 5 5
2 4746 8
1 8761 0 9
1 9668 1 8
2 4120 3
1 7478 6 4
1 35 0 5
2 8854 4
1 5791 2 9
1 5187 7 6
1 1004 0 5
2 9146 6
2 1267 1
2 5378 9
1 4128 2 6
2 9690 5
1 4967 6 4
2 8512 8
1 3762 5 1
2 3319 7
1 5984 2 0
1 2012 4 6
2 4159 3
1 7436 9 8
1 672 2 0
2 6454 6
2 731 1
1 5810 2 9
2 2281 5
2 5025 8
1 5720 9 6
1 3086 8 4
2 871 8
2 754 2
1 1514 4 9
1 7406 2 4
1 1896 7 6
2 7999 3
1 2696 9 9
2 3280 6
1 9220 5 2
1 8178 9 2
1 6193 9 2
2 3566 4
1 5480 4 7
1 6492 0 6
2 5987 4
2 1350 2
2 7560 2
2 9566 3
2 4340 8
2 4237 5
1 1223 3 1
2 9246 4
1 3019 5 7
2 9759 8
1 3572 2 1
2 7198 6
2 1124 2
1 6547 0 3
1 7494 0 0
2 3801 2
2 7788 6
2 9109 2
1 5600 4 4
2 7224 7
1 5330 7 7
2 4750 6
2 3054 5
2 2445 3
1 6532 3 3
1 6216 3 3
2 6608 3
1 2937 2 1
2 4429 3
1 7 8 3
2 9367 2
1 6447 0 7
2 3458 0
2 1714 6
2 8095 9
2 7818 2
2 4144 6
1 8184 8 4
2 7362 5
2 3352 0
1 5241 6 2
1 7629 8 9
1 4263 8 8
2 7533 0
2 9708 8
1 2867 3 7
1 7543 5 2
2 9603 1
1 719 8 7
1 2155 4 3
2 1494 9
1 8969 9 5
2 9802 9
2 7660 4
2 6440 9
2 2127 6
1 1522 2 4
1 4150 1 5
1 2862 4 3
1 1081 0 7
1 7352 8 5
1 1231 7 9
2 5782 8
1 9702 3 3
2 1288 2
1 1903 8 7
2 2602 4
2 4954 2
2 6716 1
2 4008 0
2 3385 5
1 7583 7 5
1 3123 6 1
2 1518 8
2 4557 8
2 691 4
2 2480 9
2 8917 5
1 7913 0 6
2 7677 9
1 1064 8 9
2 5959 5
2 9774 4
2 8325 2
1 1629 1 5
2 3483 1
2 6014 2
2 6824 9
2 2464 1
2 791 5
1 6794 2 7
1 7726 6 9
2 5818 8
2 1220 3
1 2240 5 3
1 2109 1 9
2 8834 0
1 3943 0 4
2 3563 8
2 3894 6
2 3535 2
2 8642 9
1 6233 1 9
1 6266 8 2
1 9239 0 7
2 8513 2
1 4708 9 2
2 6289 5
2 9036 7
1 6413 7 9
2 5592 6
2 9809 9
2 3741 5
1 856 2 7
2 2376 4
2 94 0
2 6835 7
2 4442 0
2 348 1
2 5004 9
1 9847 5 3
2 5074 0
1 2730 7 5
1 6746 4 3
1 4345 1 5
2 471 0
1 1825 5 8
2 4982 4
2 3872 1
2 1970 9
1 6877 4 0
1 6666 0 1
1 5516 2 3
2 6700 1
2 617 2
1 1098 1 5
1 6436 2 3
1 7413 9 1
1 6118 9 5
1 5114 5 5
1 896 8 1
2 6824 3
2 9972 9
1 8368 1 9
2 9513 9
1 4220 2 6
1 6225 4 0
1 5599 0 6
1 823 5 4
2 5819 4
2 7487 9
1 614 7 0
2 5195 2
1 1005 5 7
1 7079 6 4
1 5726 4 8
1 6166 0 2
1 5288 2 4
2 6090 2
2 2284 4
1 7917 5 2
1 6883 4 5
1 2063 1 6
1 993 6 2
2 4439 2
2 3714 2
2 196 6
2 7765 4
1 6459 4 8
2 9301 7
1 3696 9 4
1 8994 7 7
2 2741 4
2 6701 2
2 5539 0
2 624 2
2 5847 9
1 1648 0 4
1 5769 3 6
2 4023 5
2 6818 8
2 399 8
1 3400 6 8
2 9161 6
1 184 1 4
1 4003 2 2
2 1608 5
2 6620 4
2 2994 0
1 6986 1 8
2 2968 5
1 1454 4 1
2 9492 5
2 816 1
1 472 6 6
1 6102 3 1
2 8352 1
1 3550 8 0
2 2827 3
2 8267 2
2 8793 8
2 9078 9
2 2346 9
1 964 2 2
2 6874 7
1 8937 8 9
1 7715 6 8
1 6261 0 1
2 1171 5
1 908 7 2
1 5896 0 0
1 2571 3 9
1 7820 4 6
1 5272 3 0
1 5051 3 0
2 5474 2
2 6639 3
1 440 8 6
2 1382 1
2 9554 3
1 452 4 8
2 7185 8
1 6491 5 3
1 9391 4 7
1 2722 1 6
2 1472 8
2 9170 7
2 3605 7
2 7984 0
1 4483 4 5
1 9139 2 3
2 9610 9
2 1147 8
1 1908 8 5
2 3512 7
1 837 2 4
1 1528 7 1
2 34 3
1 2846 3 5
2 6154 7
1 3704 4 9
1 1864 2 0
1 3240 3 0
2 3760 1
2 6123 2
2 8064 1
2 158 4
2 2827 9
2 9271 4
2 1191 5
1 4340 1 5
2 2026 8
2 8107 9
1 9593 4 1
2 6606 6
1 1359 7 5
2 1325 0
1 9592 0 2
2 3938 6
2 9936 0
2 6948 0
2 7949 4
1 720 4 5
1 5106 7 2
2 2980 0
1 5691 9 6
1 4392 1 4
2 1139 4
2 3302 9
1 927 4 5
2 9790 8
2 114 4
1 6038 4 4
1 1045 6 4
2 9210 4
2 7479 6
1 6807 4 9
1 718 6 3
1 3144 3 3
1 9932 4 8
1 5929 2 3
2 2506 3
2 8901 7
1 3650 1 1
2 687 4
2 3157 8
2 1343 6
2 817 7
2 1859 4
2 3574 7
2 8826 2
2 1269 1
1 6079 7 9
2 7617 5
1 5804 5 9
2 8070 2
2 2670 8
2 5315 5
1 5739 6 0
2 7261 7
1 9665 0 5
1 1781 2 4
2 2279 5
1 7838 0 8
2 8160 4
1 8918 0 0
1 5023 4 3
2 8654 2
1 16 3 8
2 3871 3
1 4321 8 1
2 3923 4
1 5602 1 1
1 855 2 7
1 2003 9 7
1 1552 0 8
1 6930 2 8
2 1685 8
2 8877 0
1 3190 1 3
1 4599 0 8
2 6193 6
1 1374 1 6
2 2636 9
2 5735 5
1 5027 8 1
1 5857 1 3
1 3615 1 8
2 254 1
2 1166 6
2 9436 5
1 1617 1 4
2 4926 6
1 5399 5 0
1 3935 7 0
1 7781 7 6
2 6718 1
1 7613 0 8
1 6649 8 2
1 8802 0 5
1 7950 8 0
1 1710 7 0
1 918 7 9
2 3278 6
2 9274 8
2 5925 4
2 4084 2
1 6427 9 7
2 1905 0
2 598 3
1 8581 9 6
2 4383 7
1 6780 7 9
1 3968 3 0
1 5093 1 2
1 7813 3 5
2 7850 6
1 9390 3 2
1 2474 0 3
2 2710 4
2 7914 9
2 4649 0
1 9044 3 6
1 2919 7 9
1 5364 7 7
1 9703 2 1
1 2204 7 9
1 5609 3 0
2 8734 6
1 839 8 1
1 771 6 0
2 874 0
2 5899 6
2 3554 0
1 4616 5 0
2 2535 5
1 7266 8 9
2 9440 9
1 6845 8 2
2 8166 0
2 121 0
1 1019 8 2
1 6010 2 3
1 4370 2 7
2 5867 1
1 7802 6 8
2 3262 0
2 630 1
2 4952 3
2 892 1
2 4403 4
2 5741 1
2 2024 9
1 9073 8 9
1 8815 1 5
1 4138 9 5
2 1448 1
1 6217 6 4
2 2002 2
1 8103 0 8
2 1015 8
2 2700 7
2 9664 5
2 4813 1
2 8375 0
1 2105 2 9
1 195 6 4
1 2652 8 5
1 9789 7 8
2 8341 9
1 2299 5 0
2 1900 2
1 517 9 9
2 7608 9
2 5052 7
2 1705 5
1 5285 6 6
1 5462 1 3
2 1058 1
2 640 1
1 7558 9 2
1 1901 1 6
1 8296 7 1
2 1 1
1 5354 3 0
1 3497 9 8
1 9573 4 8
2 5329 4
2 6158 6
2 2126 4
2 6051 6
2 1704 9
2 9146 7
2 8246 6
1 5529 8 9
1 1326 5 8
2 8127 7
2 7958 7
1 3290 9 0
1 2549 5 3
1 8211 9 7
2 612 9
2 6447 1
1 5934 5 6
1 1084 8 8
2 9806 9
1 6083 9 7
2 992 1
1 9034 3 7
1 7550 3 9
2 1134 0
2 3534 4
2 6122 5
1 59 3 7
2 6771 4
2 4222 8
1 5048 2 2
1 3749 1 5
1 8524 7 0
2 4048 7
1 1389 6 5
2 1937 3
2 1828 3
2 8173 2
1 7493 5 0
2 6691 4
1 1183 0 8
1 314 8 7
1 2658 2 3
2 2284 6
1 4085 8 9
2 6121 3
1 396 8 9
1 3708 3 6
1 3005 4 7
1 8891 9 0
1 7529 4 5
2 5469 2
2 372 8
2 4759 8
1 7874 4 7
1 8027 9 0
1 6205 1 9
2 6157 1
2 6130 3
2 2741 0
1 2763 7 5
1 3305 2 0
2 2863 6
1 5533 7 0
2 4794 3
1 192 5 8
1 628 6 3
1 2040 5 5
2 1944 2
2 6034 6
2 3682 2
2 9673 0
1 1628 7 5
2 7852 6
1 4315 9 8
2 6655 1
1 2838 6 9
1 2470 7 8
2 7936 7
2 4940 4
2 9158 4
1 4068 4 1
1 2278 0 8
2 6944 8
2 5094 8
1 319 2 5
2 1794 1
2 4488 0
1 2483 3 7
2 7958 2
2 3718 8
1 9811 7 5
2 2981 7
2 7703 1
1 2693 0 2
2 484 7
2 4846 1
1 9688 0 1
2 7457 5
2 5767 2
2 4101 3
1 5500 4 0
1 4006 6 4
2 4560 3
2 5271 2
1 5993 4 1
2 8162 6
1 5886 2 5
1 4830 3 7
2 6044 9
2 8275 4
1 9353 7 8
1 2799 8 7
2 5320 6
2 8379 7
1 5790 5 8
1 4205 8 5
1 6221 1 9
1 1514 0 2
2 5218 9
2 6654 3
2 740 4
1 2303 4 2
1 5623 6 2
1 7186 0 8
2 6538 9
1 8169 4 9
2 1741 4
2 6320 9
2 2098 9
1 135 9 0
2 3927 2
1 865 1 3
1 8101 7 6
2 9007 7
2 8666 6
2 8810 9
2 6221 7
2 4412 1
1 9670 6 5
1 1913 8 1
2 9331 9
2 6544 7
2 4373 2
2 4213 8
1 4440 6 8
2 7157 9
2 1681 4
2 6784 4
1 8122 5 6
1 7545 9 6
2 5576 4
2 5071 2
2 8869 1
1 2799 0 7
2 8612 1
2 5536 1
1 5642 4 3
1 1677 3 1
1 4643 8 9
1 9396 3 7
1 98 8 8
1 9884 8 7
1 6378 1 5
1 9940 5 7
2 9363 9
1 2004 9 4
2 6227 9
2 5 6
1 7550 9 5
2 9439 1
2 2317 1
1 3742 9 8
1 9256 8 6
2 1632 4
1 697 0 7
2 1033 7
1 1208 0 2
2 6139 8
1 911 6 7
1 4072 3 3
2 4653 1
2 2288 6
1 2265 1 4
2 6284 0
2 5585 4
2 3141 7
2 9042 1
2 1349 2
2 3812 0
2 1042 5
1 5042 8 0
2 5649 6
1 6803 5 3
1 7462 8 1
1 478 6 2
1 813 9 6
1 1983 6 6
2 997 7
2 5995 3
1 7772 5 7
1 1817 0 9
2 5236 9
2 9150 3
1 4995 3 6
2 6093 7
1 4406 4 8
1 2382 8 8
1 3268 9 4
1 7258 0 7
1 8055 0 4
1 476 7 3
2 6186 1
2 3733 2
2 5071 2
2 3402 9
2 9266 5
2 2874 3
2 6824 6
1 1969 0 2
2 1374 8
2 1510 5
1 4229 0 2
2 3485 7
2 6655 4
1 1191 8 8
1 8450 3 9
1 6905 0 5
2 4029 6
1 4279 5 7
1 1672 6 2
1 4007 0 9
1 4363 3 2
2 5848 3
1 4867 7 7
1 4453 6 9
1 9993 1 7
1 590 4 9
2 9117 7
1 8741 8 2
1 8211 1 7
2 6353 3
2 2374 5
2 8204 6
1 377 5 7
1 2565 2 3
1 8715 5 7
2 5155 3
1 7576 0 9
1 2434 6 1
1 4927 9 3
2 7560 6
2 3483 9
2 604 3
2 275 6
1 2143 1 2
1 2826 9 8
2 1597 0
1 6291 0 1
2 9063 7
2 1896 3
1 3248 9 1
2 8323 8
2 785 2
2 6351 9
1 2445 5 6
2 7446 7
1 8452 6 1
2 7584 0
1 835 9 2
1 8159 7 9
1 1422 0 0
2 7423 8
2 9481 1
1 6776 7 3
1 703 6 2
2 8771 5
2 427 2
2 9784 6
2 5795 2
1 1959 0 7
1 7998 7 8
2 7498 2
1 3360 6 8
2 4651 1
2 18 9
1 5454 2 7
2 8837 6
2 9039 4
1 1259 5 1
1 110 2 8
1 7889 7 3
1 3449 5 7
1 5345 3 9
1 6772 9 6
2 8030 9
1 5658 7 9
2 2733 7
1 9152 3 7
2 2263 5
2 5176 8
1 3253 2 6
2 98 8
1 5415 7 1
2 7883 0
2 7749 0
2 4289 7
2 897 3
1 7525 3 9
1 4961 6 6
1 5096 6 5
1 2440 5 4
1 7980 3 9
2 6624 8
2 3509 7
1 5188 5 0
2 1702 7
2 134 7
1 5243 8 2
1 4698 2 6
2 6195 8
2 2966 9
1 5386 9 0
2 9034 6
1 5344 3 8
2 2712 6
2 3995 4
2 6663 3
2 9772 4
1 1009 1 2
1 4202 2 5
2 9265 9
1 4089 4 3
2 3982 8
1 8161 8 2
2 3572 0
1 6814 4 5
2 146 5
1 8032 2 1
1 2023 8 4
2 4766 0
1 8406 3 6
1 5609 4 7
1 6229 5 3
1 6358 5 4
2 936 1
1 481 8 1
1 2987 0 9
1 681 7 6
1 3603 2 2
1 8294 8 6
2 8819 2
1 3019 0 9
2 1902 7
2 6670 8
1 2030 3 1
2 6459 5
2 89 9
1 1362 0 5
2 1378 7
1 8420 3 0
2 6314 0
2 5943 2
2 4296 8
2 7868 5
2 2413 8
2 8848 8
1 3913 2 1
1 6709 5 5
2 5884 3
2 622 8
2 689 9
1 5270 6 6
1 3093 7 5
2 4378 9
1 2783 5 7
2 434 5
2 924 2
2 4188 8
2 3204 8
2 1062 3
1 2917 4 2
2 9848 4
2 865 7
2 3745 7
1 92 0 0
1 8308 6 6
1 1401 0 3
2 9400 1
2 5745 2
2 7480 5
1 960 1 0
2 3979 6
1 5993 0 2
1 9070 6 3
1 4466 0 4
1 7082 8 8
1 7972 5 8
1 5586 1 5
1 8097 2 1
1 2915 0 5
2 6109 7
1 1886 6 3
1 9035 4 1
2 9713 3
2 9338 7
2 703 2
1 8215 7 3
2 2227 5
1 6286 1 3
1 9950 1 5
1 5373 7 3
1 9464 8 2
1 6390 9 1
1 9145 6 6
2 6718 1
1 7921 4 5
2 1576 3
2 3881 7
2 8064 4
2 4245 7
1 4014 7 2
2 7710 5
2 1163 6
2 6328 6
2 397 8
1 194 8 0
1 8099 8 0
1 3149 1 7
1 5683 3 0
1 4629 1 2
2 1797 7
1 6624 1 8
1 8219 8 7
2 8480 5
1 6925 5 3
2 4654 3
1 5210 8 2
2 5399 6
2 3130 3
2 4330 1
2 7713 9
1 1141 3 4
1 8509 4 3
2 3494 7
2 3016 7
1 6803 6 3
1 8853 1 9
1 7794 2 7
1 7542 1 8
1 3679 1 8
2 5050 2
1 4948 1 8
1 103 8 3
1 1964 3 4
1 6059 8 5
1 8084 7 0
1 2686 9 8
1 8839 4 5
2 7220 2
2 5867 8
2 421 5
2 46 5
1 5457 4 3
2 9784 2
1 464 8 3
2 4465 2
2 6941 2
2 8940 1
1 1100 6 5
2 1115 4
2 3400 2
2 3141 5
1 9428 6 7
1 787 4 7
1 6055 9 3
1 5609 4 1
2 8407 6
2 4964 4
2 1390 5
1 6069 2 0
1 9202 4 3
2 2803 4
2 6668 3
2 2848 1
2 3797 1
1 358 7 6
1 2937 7 8
2 7837 1
1 4154 9 3
2 7665 1
1 7422 3 7
2 1833 2
1 1848 7 8
1 2153 7 1
1 7286 9 9
1 1746 3 0
2 4832 9
2 1187 9
2 8551 7
2 9685 2
2 8278 2
2 4377 4
1 8265 4 6
2 904 7
1 7588 1 6
1 9314 0 7
2 1012 6
1 606 0 4
2 5013 9
2 7541 3
2 3330 2
1 8177 6 9
2 950 8
1 2451 4 9
2 1972 9
2 499 0
2 926 0
1 9630 1 8
2 7881 3
1 8937 7 0
1 2677 3 9
1 244 6 9
1 1207 5 0
2 8963 8
2 8702 0
2 4684 1
1 8552 1 1
2 2693 8
1 5217 9 2
2 3625 4
2 5570 1
2 5888 9
1 1516 0 4
1 2875 2 6
2 6509 3
1 9458 6 6
2 6741 6
2 6875 5
2 798 3
2 6794 8
1 5865 5 7
2 7499 0
2 6410 5
2 2509 0
2 4093 5
2 179 8
1 1323 2 3
1 6463 7 8
2 7043 0
2 5495 2
1 7978 6 2
2 468 9
1 1792 8 0
2 1183 8
2 66 8
2 3245 6
2 9125 7
1 1293 7 3
1 9004 1 0
2 3774 1
2 67 1
1 1013 3 2
1 4153 6 7
2 6498 1
2 6020 7
1 2505 2 7
1 120 7 7
1 3831 6 8
2 6440 7
2 4072 3
1 8594 1 9
2 2761 3
1 3659 5 9
2 1734 9
1 9542 0 0
2 1983 4
2 5632 7
2 1571 9
2 2355 6
1 8287 1 7
1 6157 7 0
1 7009 7 6
1 8375 8 9
2 466 7
2 2466 1
1 9968 0 3
1 3573 0 0
2 8829 6
2 5864 1
2 3917 1
2 2324 9
1 4963 3 5
2 8584 5
2 3083 9
1 5119 8 3
2 4355 6
1 5003 9 5
1 6172 7 7
1 3163 8 1
1 3998 8 9
2 6315 7
1 8612 3 9
2 2915 3
1 5044 8 6
2 8718 1
2 44 9
2 4347 8
2 5604 3
2 7702 0
2 8810 7
1 9951 8 2
1 1594 8 4
2 6497 8
2 5732 1
1 5916 0 3
1 3452 0 3
1 5221 7 4
1 6808 2 7
2 8950 0
2 8712 4
2 4040 1
1 6415 6 2
1 6437 8 4
1 4675 6 5
1 4295 5 7
2 588 9
2 1789 6
2 1087 9
1 5828 8 8
2 5173 4
2 6299 2
2 617 7
1 6993 8 3
2 4560 3
2 8224 0
2 4649 9
1 1111 6 5
2 1410 5
1 721 4 1
2 4866 5
1 2613 8 4
2 8757 7
2 2671 6
2 3354 2
2 7627 7
2 3637 8
1 2803 4 6
1 6249 7 3
2 2477 2
2 2280 2
2 9631 0
1 3626 4 8
2 8606 5
2 1370 8
1 295 9 2
2 8080 9
2 8848 6
1 1331 9 8
1 3399 7 3
2 9531 9
2 7182 2
2 2282 8
1 4983 7 2
2 3717 0
1 1449 9 2
1 1201 9 2
1 5237 1 1
1 1721 4 1
2 462 0
1 8243 8 4
1 9993 9 1
1 3163 1 3
2 1677 0
1 2989 2 5
1 7633 6 9
1 8068 4 7
2 4792 2
1 4072 1 7
2 4377 7
1 6526 8 6
1 5531 1 4
2 6596 0
1 7425 3 6
2 4157 2
2 5041 4
1 6335 0 8
2 8688 4
1 9542 8 2
2 9298 5
1 4958 1 0
1 2865 6 2
2 3136 3
2 7993 4
2 7356 2
1 7784 6 9
1 9534 2 7
1 630 0 7
1 110 7 5
1 9718 3 1
2 5944 6
2 5283 3
2 725 9
2 4344 8
1 245 3 9
1 3861 8 1
2 9724 4
1 5139 2 4
2 4154 7
2 3746 1
2 6845 8
1 1748 7 6
1 5464 4 3
1 7683 7 2
1 5326 9 7
1 979 7 9
2 2947 7
2 2599 1
1 783 7 3
2 4949 3
2 9011 3
1 6579 7 3
1 8161 5 1
2 7431 4
1 3375 8 6
2 5941 6
1 7745 8 3
1 1707 5 4
2 2880 3
1 5118 5 5
1 5386 4 8
1 8299 4 6
2 4439 7
2 6923 8
1 6741 3 3
2 9938 3
2 9169 4
1 4131 4 7
2 8870 7
2 6294 9
2 2935 4
2 1799 2
2 3618 5
2 5454 1
1 3390 3 4
1 1852 7 4
2 100 0
2 7982 4
1 5530 3 7
2 9861 1
2 5626 8
1 6893 1 1
2 8302 2
2 2660 8
1 9012 2 2
1 812 5 0
1 5116 3 5
1 3513 8 7
1 3945 7 1
1 2782 0 9
2 4225 5
2 6034 3
2 2544 8
1 788 1 4
1 3237 1 6
2 7178 7
2 1789 2
1 3669 7 5
1 7070 9 1
1 7968 7 1
1 5170 3 8
1 6802 5 5
2 1025 8
1 1126 9 6
1 5793 0 4
2 3080 2
1 8998 0 4
1 6532 7 9
1 7912 3 2
2 5510 9
2 9682 2
2 9648 5
2 3428 7
1 3415 4 6
1 7648 5 6
2 3372 7
1 9690 0 7
1 6170 7 4
1 7880 6 3
2 4824 9
2 204 8
1 2374 3 2
1 4203 8 9
1 9403 5 8
1 4673 8 2
1 6829 7 1
1 4976 6 8
1 9158 5 7
2 7035 7
2 5890 5
1 7388 2 6
1 3299 0 5
2 9205 2
2 9176 8
1 6532 7 4
1 3680 5 1
2 7860 8
1 7656 3 9
2 4504 6
2 7831 4
1 2718 0 5
2 3853 8
2 7 7
2 4288 4
1 7121 0 6
2 7345 3
2 5602 9
1 1842 1 9
1 767 2 2
2 9263 7
1 7396 5 0
2 8053 5
2 3136 2
1 7236 4 6
1 5737 1 6
2 5897 4
2 7154 3
2 3486 8
2 5569 5
1 8085 7 9
1 3383 6 9
2 7222 0
1 9162 2 7
2 4723 8
2 7490 0
2 1769 1
2 8321 3
2 628 0
1 7862 9 7
2 6374 2
1 1829 1 5
2 3370 2
2 2692 4
2 8777 2
2 976 5
2 5761 7
1 2598 9 0
1 5814 4 1
2 7790 1
1 1106 7 3
1 7319 3 7
1 3354 4 1
2 6917 1
2 8317 1
1 5994 9 3
2 4068 6
2 7745 8
2 8535 3
1 9176 0 4
1 3160 5 1
2 6463 7
1 9299 2 7
2 8563 9
2 5565 0
1 9258 4 7
1 7753 3 5
2 5956 5
1 5218 5 7
1 7287 5 4
1 7992 2 0
2 4184 7
2 5190 4
2 9935 4
2 2384 5
1 847 3 1
2 2666 8
2 7852 1
2 3345 0
2 8498 0
1 5943 4 7
2 5304 9
1 5749 1 0
2 9298 8
2 1352 1
2 2774 8
2 9375 0
2 751 5
1 179 5 2
1 8241 2 7
2 191 6
2 1073 3
2 277 0
1 6644 7 1
1 8485 2 0
2 1382 8
1 8406 7 0
2 2376 3
1 6446 2 7
1 2277 5 2
1 3111 5 8
2 870 5
2 4706 7
1 8330 6 4
2 7407 6
2 8371 2
1 5028 4 0
2 4377 0
1 7890 0 5
1 996 7 8
2 818 6
1 161 6 0
1 3252 3 8
1 2201 0 1
2 4989 1
1 9155 8 8
1 1652 0 5
2 7688 4
2 5897 4
1 2443 9 9
1 1318 2 2
2 410 7
2 5027 7
1 7754 7 7
2 6651 9
2 8239 6
1 2042 0 6
1 8688 6 7
1 6213 9 4
1 804 4 5
1 8158 0 0
2 9212 2
2 2116 0
1 5827 4 8
1 2594 2 3
2 546 4
1 7237 6 5
2 7939 0
2 5961 2
1 3040 6 3
1 8123 9 9
2 2642 3
1 9771 4 4
2 595 7
1 3408 9 6
1 8381 1 6
2 320 6
2 9434 0
2 1239 0
2 5561 2
2 9102 3
1 8302 6 1
1 3506 6 5
2 8795 2
1 5826 9 9
2 4836 4
2 8654 1
2 1109 6
1 5256 4 4
2 8728 7
2 9252 9
1 7514 4 1
2 2956 8
2 4735 5
1 9852 3 4
1 5255 3 2
2 1249 5
2 4247 8
2 1421 6
1 9731 3 9
2 5203 6
2 9886 7
1 9497 9 8
1 1196 8 6
2 5613 6
2 105 3
1 394 7 6
2 4587 4
1 230 4 8
2 365 8
1 3402 4 5
2 3905 7
1 3970 4 2
1 1233 5 1
2 6640 9
1 6592 2 4
2 4801 6
2 9849 5
2 8115 3
2 1214 4
2 8793 5
2 7185 0
2 1662 3
1 8267 5 5
1 2272 1 7
1 6003 3 2
1 6845 8 9
2 119 3
2 1308 9
1 6543 8 5
1 587 0 9
2 9120 8
1 1514 9 2
1 3934 5 3
1 5585 1 1
1 2265 7 5
1 9590 7 4
2 5634 9
2 731 8
2 9173 6
2 2623 9
2 2153 1
2 343 7
2 3030 0
1 9308 0 1
2 441 6
2 9744 6
1 4446 9 7
1 1521 0 4
2 5435 6
1 5142 1 3
2 3497 2
2 5946 9
2 5243 1
1 9285 1 2
2 5967 6
1 9139 1 6
2 8445 9
1 8277 6 9
1 7875 7 2
2 3850 7
1 229 1 9
2 354 6
2 9514 3
1 1364 7 5
2 7920 2
1 2399 5 8
1 8676 1 1
1 2926 6 8
1 4213 3 1
2 3221 9
2 4235 3
1 1659 5 2
1 6700 6 6
1 1257 0 4
1 4285 7 4
2 1513 0
2 8834 7
1 4666 1 6
2 5504 7
1 1282 6 8
1 432 4 0
1 1280 3 5
2 2421 5
1 5964 4 7
2 2356 4
2 859 1
2 5506 4
2 2749 9
1 1810 5 0
1 7941 8 8
1 2314 4 0
2 6524 5
2 6485 6
1 6760 4 1
2 3506 4
1 743 1 8
2 8282 2
2 4311 1
1 1782 6 7
1 4364 2 4
1 4556 8 1
1 1429 4 2
2 9449 9
2 6133 2
2 2101 6
1 4141 1 6
1 474 7 5
2 1927 6
2 577 8
2 3612 0
1 1076 9 9
1 3527 3 2
1 4005 6 0
2 2017 2
1 3232 5 0
1 1512 3 1
1 7379 4 1
2 3439 1
2 2070 9
2 897 6
2 1772 7
1 1528 8 3
2 4169 2
2 8264 4
1 5805 8 8
2 1549 4
1 4704 2 6
1 7970 6 3
2 7947 8
2 9766 7
2 3703 7
2 6369 6
2 1925 4
1 7060 8 3
1 6756 2 7
2 3888 3
1 6341 5 3
1 2315 5 5
2 3209 6
1 670 0 1
2 7527 1
2 9334 8
2 4531 8
1 4806 3 0
1 4987 6 5
1 5157 9 9
1 8900 2 2
1 8033 5 8
1 8468 6 1
2 608 5
1 6150 1 6
1 2636 3 6
1 7419 7 4
1 3172 1 3
2 6859 4
1 3676 7 2
2 5057 4
1 8788 2 8
1 9966 6 4
1 9413 3 1
1 3727 7 5
1 4384 8 3
2 2661 2
2 5920 2
2 3394 2
1 5688 8 3
1 2438 2 8
1 2963 3 5
1 6832 9 4
1 8489 1 9
2 6070 2
1 5856 3 1
2 7241 6
2 6012 1
1 1112 3 6
2 4623 6
2 720 1
1 3419 1 4
2 5579 9
2 8511 6
2 7070 2
2 5315 6
2 6439 6
1 1644 4 4
1 1622 4 5
1 9248 3 4
1 1828 5 4
2 5886 4
2 9259 1
2 2332 9
2 811 0
1 479 5 1
1 428 7 5
1 9500 6 7
1 8002 5 2
2 6561 9
2 2726 8
1 7785 0 1
2 6551 5
2 7985 2
1 117 7 9
1 4266 6 1
1 3320 0 8
2 725 1
1 1722 9 3
2 2048 8
1 431 9 5
2 2540 0
1 4693 9 0
1 4655 4 3
2 7647 9
2 5024 8
1 3199 0 2
2 3854 8
1 6715 8 9
2 4552 5
2 4920 2
1 9283 2 5
2 4254 1
2 3719 2
2 4934 3
2 9506 3
2 3543 4
2 69 9
1 3225 9 3
1 7289 2 7
1 9441 9 8
1 2918 9 0
2 9441 2
2 6373 3
2 6690 9
2 4477 6
1 2304 0 8
2 5235 9
1 7488 3 6
2 4148 8
2 5016 2
1 6002 3 0
1 6468 3 1
1 9732 6 6
2 134 1
2 7513 9
2 2445 4
1 4334 4 2
1 5265 5 1
2 2223 6
2 5822 3
1 1163 1 4
2 1627 1
1 9521 8 2
2 8114 6
2 6078 1
2 4987 7
1 6670 1 7
2 3449 0
2 1756 4
2 7875 1
1 8940 6 1
1 8722 0 6
2 7009 9
2 8910 4
2 2497 0
2 4854 4
1 8214 5 7
2 842 4
1 863 3 7
1 439 5 4
1 4861 5 2
1 8088 8 9
2 8715 9
2 7214 9
2 6711 4
2 336 4
1 6008 9 9
2 2795 3
1 2661 8 0
1 6375 5 9
2 2412 8
2 4527 4
1 9651 7 7
2 480 1
1 8984 6 8
1 3530 0 6
1 2942 4 8
1 3894 1 7
1 4583 8 0
2 2322 1
2 8720 2
1 5073 2 2
2 8214 3
1 3681 9 1
1 8261 8 3
2 6414 7
1 3289 4 2
1 5743 5 6
2 8599 0
2 634 6
2 8221 4
1 9060 3 3
1 8381 6 4
1 5261 8 7
1 7924 1 8
2 2520 8
1 1257 2 5
1 9138 5 3
1 8072 3 1
2 4268 0
1 2589 9 8
1 5806 1 4
1 6339 2 3
2 9573 5
1 6517 1 8
1 4367 2 9
1 56 6 4
2 754 3
1 8536 0 1
2 4035 1
1 189 6 6
2 2760 7
2 9472 6
1 2128 1 8
1 2704 2 7
2 7827 8
1 4479 9 0
2 6112 4
1 2016 0 8
2 6279 2
1 9902 8 4
2 9145 8
1 5862 3 0
1 3500 8 7
1 8988 9 7
1 4761 2 9
2 1234 7
1 9801 9 1
2 5438 8
2 6851 3
2 6363 5
2 5111 8
1 8724 5 9
2 1020 2
2 5054 3
1 7385 4 7
1 1156 9 2
2 442 1
1 8357 8 8
2 1140 6
1 7367 9 9
1 7114 7 1
2 6278 1
2 7234 3
1 5378 9 3
2 345 5
1 2678 4 7
1 2813 8 7
2 9867 0
2 5982 8
2 6804 7
1 1312 6 7
1 1657 5 1
2 9558 4
1 9590 3 1
2 7750 5
2 4209 1
2 2637 0
2 9421 6
2 7299 1
2 6736 6
2 572 9
2 4530 4
1 8602 3 8
1 5125 8 6
1 1414 4 3
2 9104 7
2 4140 5
1 8584 1 0
2 2435 4
2 4978 1
1 7174 0 4
1 587 1 0
2 5485 1
2 5702 0
1 8643 9 5
1 2925 3 9
2 2682 7
2 513 6
2 7008 5
2 4355 1
2 5429 2
1 7269 2 4
1 8018 6 8
1 6493 3 5
2 3224 8
1 1636 5 3
1 9179 1 0
2 5575 3
1 1063 8 7
2 9494 5
2 9218 1
1 7188 1 3
2 2991 3
1 9495 3 4
1 9527 2 9
2 3036 9
1 1411 8 2
2 3134 8
1 9767 4 8
2 3992 9
2 3927 7
1 6613 7 4
2 2091 3
2 9682 5
1 539 0 1
1 4424 9 7
2 6170 7
2 213 5
2 8780 2
1 2381 7 2
2 2266 2
2 2306 1
2 9676 4
1 400 7 5
1 6328 1 2
1 1904 4 2
2 883 2
1 9420 4 4
2 9231 0
2 9634 5
1 2323 5 4
1 3963 1 5
2 2693 9
2 6016 4
1 7671 0 7
2 5743 7
1 6646 6 5
1 3380 8 1
1 7529 8 8
2 1039 4
1 5159 9 6
2 3598 9
2 9957 3
1 8214 9 3
1 2726 6 5
1 786 1 0
1 7178 7 7
2 5699 5
2 3179 4
2 7949 5
2 6822 5
2 9924 8
2 8881 4
1 7668 1 7
2 6738 5
2 6713 8
1 2264 5 9
1 6491 6 8
1 7188 6 3
1 1732 8 9
2 2285 8
1 3837 3 4
1 2615 1 4
2 9310 8
1 7779 4 7
1 3429 6 2
1 7842 1 2
1 4631 5 6
1 9511 5 1
2 141 3
1 8435 6 9
1 9579 0 5
2 266 8
1 9343 7 2
1 1788 9 3
2 9724 1
2 4504 6
1 8135 7 0
1 9001 1 6
1 1487 2 1
2 1821 4
1 7778 4 3
1 5549 9 5
1 9723 4 0
2 8355 1
2 824 5
2 2525 3
1 4578 5 6
1 5928 4 6
1 9605 7 1
2 4900 0
1 2076 4 9
2 5659 3
1 4274 0 4
1 8686 9 9
2 9442 3
1 4753 2 3
1 1482 4 2
2 3490 9
1 9039 3 4
1 3958 2 3
2 6222 9
1 5786 2 9
2 5124 8
1 9576 6 5
2 9734 3
2 4026 9
1 7964 0 6
2 5199 2
1 5813 5 3
2 4899 5
2 7150 1
1 7337 4 3
2 9774 2
2 8690 1
1 3209 7 4
2 8618 9
2 7217 3
2 5951 4
1 1142 7 5
1 6107 7 6
2 3039 1
1 7658 4 1
2 6049 8
1 8707 0 7
2 4614 4
1 4683 8 3
1 6722 1 7
2 6549 9
2 9035 9
1 133 2 3
1 8973 8 6
2 2297 7
2 4031 4
1 4594 1 3
2 7264 6
1 9608 4 4
1 7376 3 5
2 8956 3
1 2464 5 2
1 9895 3 4
2 4247 8
1 567 9 6
1 2219 9 1
1 4898 2 4
2 5182 8
1 4089 4 4
2 4797 9
1 3970 6 7
2 1550 7
1 3068 1 5
2 1979 2
2 7418 6
1 9660 0 4
2 7708 9
2 6245 2
2 946 5
2 624 4
2 8768 3
1 7616 7 6
1 3375 9 7
1 9116 2 8
2 3293 9
2 3758 9
2 1480 7
2 2647 0
1 8793 8 0
1 4633 3 6
1 6414 3 8
1 5180 3 2
1 6295 3 9
1 8665 0 2
1 79 9 4
2 6291 1
2 3604 4
1 6889 7 4
1 223 8 3
1 1006 0 3
1 6542 7 0
1 8363 2 9
1 7351 8 5
1 2074 9 8
1 790 8 6
1 5467 1 7
2 1679 2
1 4437 0 1
2 4886 1
2 3638 2
1 4671 3 6
1 55 5 9
2 5301 0
1 7625 4 0
2 5514 9
2 5451 9
1 7232 4 1
2 8622 1
2 1739 2
2 1151 7
1 1832 1 0
2 6159 5
2 5841 4
1 5418 7 2
2 6729 5
2 6694 8
1 4070 5 8
1 4536 6 1
1 1533 9 9
2 5432 1
2 8842 2
2 6119 1
1 9682 9 0
2 9225 8
2 8503 0
2 2117 1
1 707 2 8
1 6912 2 6
2 4333 7
1 8503 5 5
2 3672 9
1 5522 6 7
2 7965 4
1 7532 9 5
1 6938 9 4
1 8431 2 8
1 2534 8 1
2 1345 7
2 6624 0
1 2679 2 1
2 1575 4
2 7771 5
1 5836 3 0
2 1031 4
1 3265 4 8
2 3747 0
1 2233 0 3
2 7339 1
1 7797 9 4
1 6083 1 5
1 9400 3 8
2 7666 2
1 6200 9 6
1 4452 7 2
1 8943 1 0
1 2818 9 2
1 3950 4 0
2 9920 9
2 6376 0
2 4130 7
1 360 1 3
1 4202 0 0
1 7901 8 0
2 5904 0
2 3415 2
2 4447 9
1 1112 5 9
2 7053 8
1 2475 1 1
2 7396 6
1 2022 0 9
1 815 0 3
1 3677 8 9
1 7265 0 9
1 7093 8 3
1 3640 0 7
2 5518 4
2 1041 4
2 6311 9
1 8796 3 2
1 3820 7 1
1 7564 3 4
2 5376 0
2 3575 7
1 4238 2 7
2 4831 7
2 1989 2
1 9487 7 8
2 7954 0
1 8102 9 4
2 9993 8
2 9157 1
2 6304 5
2 5719 7
1 3937 5 7
1 5809 2 3
1 5773 2 0
2 21 0
2 667 3
1 3541 2 1
2 7519 9
1 2787 1 4
1 4777 5 9
2 9022 8
1 567 5 5
1 8753 7 2
1 8820 3 3
2 7259 2
1 5162 0 6
2 5308 7
1 857 5 4
1 1023 8 0
1 2198 8 9
1 3949 2 8
2 9870 3
1 1659 2 8
1 8164 0 3
2 7654 0
2 4100 2
2 7867 2
1 9015 3 8
2 640 4
1 5408 6 4
1 7218 6 0
1 6899 8 9
1 2341 1 2
2 7506 2
2 33 1
2 3398 5
2 136 9
1 649 5 7
1 5378 2 0
2 801 8
1 908 4 1
2 1105 8
1 1416 2 2
2 3169 0
1 2027 3 0
2 1998 4
1 625 0 5
2 5758 2
1 962 8 5
1 3034 0 3
2 8221 2
2 8639 2
1 4885 8 4
1 7496 8 7
1 1473 2 0
1 5024 7 3
2 1432 9
1 9363 5 7
1 5904 0 1
2 1441 1
2 6966 0
2 1807 1
2 2640 3
2 986 4
2 2247 5
1 5545 2 3
1 6027 9 6
2 1039 7
1 531 6 9
2 5469 3
1 9614 0 1
2 2157 4
2 4925 3
2 1703 8
2 4824 4
1 9861 3 7
2 2205 1
1 8886 3 2
2 5 4
1 1818 3 9
2 5275 5
1 6922 4 2
2 1282 8
1 5859 4 8
1 1876 5 4
2 1172 3
2 9128 0
1 8561 9 6
2 1956 2
2 4887 8
2 6866 0
2 2330 9
2 7419 4
2 575 8
2 5677 6
2 1036 4
1 7237 7 7
1 977 8 4
1 2229 7 7
1 9553 0 6
1 6551 5 3
1 9279 9 0
2 7708 2
1 4892 2 0
1 1824 6 2
1 4365 0 0
1 2000 5 3
1 956 3 8
2 3396 3
1 1075 9 9
2 5805 9
1 977 9 4
1 375 6 4
1 2321 5 0
1 5463 5 9
2 6742 9
2 5650 8
1 266 0 6
1 5936 9 5
1 8161 4 7
1 7293 3 2
1 8831 1 5
2 8306 0
1 4529 2 4
2 7550 1
1 2960 8 1
2 6215 9
1 9038 1 7
1 9778 8 9
2 6190 9
2 1576 6
1 5131 3 5
2 632 8
1 9649 3 3
2 4891 0
1 6599 0 1
2 2091 1
2 5784 7
2 437 3
1 4585 5 7
1 7528 5 2
2 5192 1
2 7213 7
1 8832 1 2
2 9107 6
2 5036 6
2 469 4
2 114 6
2 7193 9
2 9824 7
1 8253 1 2
2 4137 5
2 1098 6
1 3105 8 7
2 727 1
1 8474 2 4
1 2855 6 2
1 4956 1 0
1 2349 1 9
2 9232 8
1 8775 1 9
2 3887 1
1 676 2 6
1 6511 2 6
2 9962 6
2 5584 5
1 7045 7 9
1 5472 5 0
1 4948 1 6
1 6861 9 5
1 7025 4 2
1 9432 5 4
2 7889 0
2 4096 5
1 3177 9 5
2 8632 6
1 9777 9 5
2 9039 0
1 7899 3 9
1 2248 4 0
2 7335 9
1 8548 6 7
1 7216 3 2
2 6034 4
2 2600 0
1 8050 2 6
2 6563 0
1 3629 2 3
2 8867 0
2 6459 1
2 6883 4
1 1628 7 6
2 2899 3
1 9013 0 3
1 1843 6 6
1 1560 3 0
2 6236 1
1 1166 6 9
1 32 9 6
1 8290 4 0
2 7349 2
1 7549 6 7
2 6364 3
2 6618 6
2 4969 7
2 963 1
2 8010 1
1 7611 7 3
2 8216 6
1 8451 4 8
1 3313 1 1
2 3619 4
1 5972 7 8
1 9504 8 3
2 5384 1
1 4196 4 1
2 1095 9
1 5194 6 6
1 929 2 6
2 264 9
1 9296 7 3
1 6510 4 4
2 6689 1
2 4364 1
2 7694 7
1 7930 2 0
2 7915 7
2 4870 5
2 4983 3
1 8911 6 6
2 1920 1
1 1324 3 4
2 5487 2
2 478 0
1 5093 7 4
2 8129 1
2 7481 1
1 285 0 3
2 7411 3
2 9682 9
2 834 6
2 8356 6
1 4933 5 1
2 3595 0
2 7615 9
2 3137 3
1 1167 8 7
2 8118 1
1 5162 9 9
1 7740 3 7
2 597 6
2 4932 5
1 2189 1 5
2 2464 7
2 9422 6
1 8505 9 4
2 4475 5
2 6140 9
2 6226 7
2 5287 8
1 9043 7 6
1 6371 9 1
1 8042 7 9
1 3151 7 8
1 2146 9 0
1 8661 7 2
2 808 5
2 2096 3
2 9728 0
2 5559 3
1 8310 5 0
2 5401 1
1 6362 3 3
1 5612 0 0
2 7647 6
2 414 9
2 6422 5
2 3544 0
2 3698 6
2 5258 9
2 7571 0
2 192 1
1 555 1 2
1 3775 7 5
1 3165 7 1
1 1689 1 7
1 8137 1 5
1 6103 4 0
2 9097 9
2 6734 4
2 165 7
2 191 7
1 950 1 6
2 7801 2
2 2945 9
1 7874 0 0
1 9373 4 1
2 5244 4
2 713 5
1 3983 7 9
2 1880 6
1 6692 1 6
1 9303 2 8
2 4480 6
2 3940 0
2 5377 1
1 6701 2 8
2 6654 9
1 1233 4 0
1 4734 8 1
1 2802 1 7
2 7343 3
1 215 6 5
2 639 4
1 5811 0 1
1 1486 5 1
1 6155 5 1
2 4350 8
1 8991 5 5
2 3593 7
2 1272 4
1 7542 9 8
1 8398 3 9
1 6407 0 0
1 234 4 9
2 6827 5
1 5945 0 0
1 4684 5 0
2 5927 8
1 2014 5 7
2 5056 0
1 4590 2 1
2 3095 9
1 5329 6 1
1 9480 5 1
1 1936 9 2
2 3830 9
1 4381 6 5
1 8152 8 3
2 2520 5
2 9568 9
2 6330 1
2 6625 5
2 3215 6
1 3378 2 0
1 9975 9 9
2 5639 0
1 1019 7 4
1 3927 9 3
1 3241 5 2
1 7157 1 2
1 2012 1 8
2 6278 4
1 3186 9 3
1 9979 2 6
1 9971 6 8
1 232 9 2
2 7618 2
2 4066 2
1 9414 2 4
2 9355 5
1 2565 3 3
1 3550 9 0
2 9764 2
1 3049 7 1
2 2626 6
2 3901 7
2 3373 3
2 5696 7
1 8655 8 4
1 5158 5 9
1 2649 0 9
1 9050 4 0
1 9071 1 5
2 9191 9
1 3402 7 8
1 5142 9 0
2 6240 3
1 4196 4 9
1 9492 6 8
1 5067 3 4
1 260 7 3
2 9782 5
1 2659 8 0
1 1340 7 0
2 2290 9
1 9209 1 3
2 5499 3
2 7215 1
2 1589 2
1 4241 8 7
2 7899 0
2 980 9
2 9667 9
1 1770 9 0
1 686 8 9
2 3440 6
2 9203 4
2 2913 9
1 8135 7 1
2 191 2
2 1488 3
1 4484 8 7
2 6495 0
1 4747 2 0
2 7800 1
2 21 0
2 6655 2
1 2045 1 7
1 8624 2 6
2 4208 1
2 1185 3
1 2828 0 3
2 4398 5
1 191 3 8
1 377 5 8
1 1692 6 1
1 8823 0 3
1 2147 0 1
2 912 9
1 949 2 2
2 3462 5
2 1285 0
2 778 1
1 9092 4 0
2 2443 1
2 2077 4
1 1117 9 8
2 2482 3
1 2629 2 1
1 8863 4 9
2 6116 0
2 9639 8
1 2744 5 7
2 2425 7
1 9726 8 3
1 5924 8 6
1 5591 5 1
1 5123 7 6
2 1486 1
1 9480 1 0
1 1765 1 9
2 8469 7
1 707 1 8
1 6893 8 9
1 4993 6 0
1 1654 3 8
2 7565 9
2 890 2
1 121 6 9
2 4486 3
1 2347 3 7
2 2711 2
1 3797 5 4
1 3505 0 8
2 3324 9
1 9576 7 9
1 4379 4 3
2 8973 2
1 8572 7 8
2 8783 3
2 3682 3
2 4091 5
2 1072 0
