500
4 100 3 1
3 999999999 1 1
3 3 2 1
100 1000000000 3 3
2 3 1 1
1000000000 999999999 999999999 3
999999999 4 37069733 2
427727826 1000000000 3 1
1000000000 999999999 3 3
4 292678792 1 2
999999999 999999999 1 713021361
1000000000 999999999 1 1
999999999 100 999999998 3
3 100 1 1
1000000000 760355100 2 1
100 4 2 3
4 100 2 71
999999999 1000000000 3 999999999
4 3 2 2
1000000000 999999999 2 47219043
100 999999999 99 999999998
100 999999999 5 3
2 4 1 1
1000000000 4 2 1
3 332461468 2 3
1000000000 1000000000 2 999999999
779009402 100 3 3
1000000000 1000000000 1 2
76553835 3 3 2
3 4 2 1
1000000000 100 2 27
999999999 4 3 1
100 397986566 65 2
568263512 100 2 43
499812538 999999999 1 1
100 4 84 3
1000000000 100 3 1
100 999999999 3 607160337
4 1000000000 1 2
3 565428755 1 2
100 2 1 1
4 100 1 2
999999999 1000000000 38408940 1
1000000000 2 999999999 1
100 1000000000 2 2
1000000000 999999999 2 1
999999999 3 999999998 1
4 3 1 2
57695794 1000000000 17394064 1
100 4 2 1
100 3 1 2
999999999 999999999 999999998 1
100 999999999 1 2
100 2 99 1
4 1000000000 1 809590669
1000000000 4 3 3
4 4 2 3
100 2 3 1
1000000000 999999999 1 3
2 100 1 2
4 3 3 2
2 4 1 2
999999999 100 1 3
999999999 4 999999998 3
4 308024713 3 2
4 999999999 2 999999998
999999999 4 3 3
1000000000 999999999 2 3
474573491 100 2 2
999999999 100 2 3
100 100 3 2
100 999999999 99 2
3 190048202 1 3
4 999999999 3 2
3 999999999 1 79992930
999999999 100 999999998 99
377173489 999999999 3 1
2 270189690 1 1
100 351514573 1 3
4 1000000000 3 1
809198703 3 2 1
100 4 3 3
100 100 3 1
999999999 100 2 99
100 1000000000 14 1
880984255 1000000000 1 3
1000000000 100 1 1
2 999999999 1 2
6565870 999999999 5153895 286487589
3 1000000000 2 999999999
999999999 489345280 108542079 3
3 4 1 3
999999999 999999999 3 3
702326696 999999999 3 1
999999999 100 2 2
1000000000 2 3 1
1000000000 999999999 1 2
3 100 2 3
19089712 3 3 1
100 1000000000 1 2
904027769 100 278679397 3
4 4 1 2
1000000000 4 999999999 3
100 2 2 1
3 1000000000 1 3
977912389 734778827 532290378 1
3 1000000000 2 1
999999999 999999999 1 999999998
3 100 1 2
4 3 1 1
1000000000 999999999 2 756841576
207868204 1000000000 2 225202610
1000000000 1000000000 999999999 1
3 999999999 2 1
100 100 3 3
100 1000000000 2 3
1000000000 1000000000 3 1
2 1000000000 1 621800414
100 100 2 1
999999999 999999999 3 2
999999999 2 3 1
1000000000 1000000000 244626410 3
3 2 2 1
3 999999999 2 478452455
1000000000 935367125 2 688653704
1000000000 100 2 2
1000000000 4 1 3
2 1000000000 1 2
4 142306207 2 3
400638252 4 3 2
3 1000000000 1 859457977
2 2 1 1
999999999 4 627313199 3
100 100 70 2
990898699 2 1 1
4 4 1 1
999999999 999999999 1 2
4 999999999 1 1
3 811153361 1 12686097
4 1000000000 1 3
999999999 3 1 1
999999999 1000000000 3 3
100 4 1 1
4 1000000000 2 2
543383962 764857696 2 41522173
452792670 1000000000 2 115192647
1000000000 1000000000 301408972 2
201238540 100 49757290 14
999999999 3 3 2
804684832 197217720 1 153175513
671771882 1000000000 458242975 1
100 3 99 1
4 1000000000 2 999999999
100 100 99 99
4 21218471 2 2
2 100 1 99
100 999999999 3 3
1000000000 1000000000 2 2
100 999999999 3 2
1000000000 4 2 2
70829133 100 3 26
1000000000 3 2 1
100 999999999 49 1
1000000000 3 3 2
1000000000 4 999999999 1
1000000000 999999999 1 999999998
1000000000 100 99694839 3
100 999999999 2 3
999999999 1000000000 2 1
205684158 100 1 3
312920545 1000000000 309279031 2
999999999 1000000000 2 724564983
1000000000 4 999999999 2
1000000000 1000000000 2 3
997867345 170075009 374134420 2
100 4 99 1
4 999999999 2 2
4 1000000000 1 1
998645846 2 2 1
372315310 428364244 1 1
100 39439397 2 35075686
999999999 2 999999998 1
100 4 3 2
402854259 831040336 3 3
803061495 4 3 3
999999999 1000000000 1 3
3 4 2 3
1000000000 999999999 3 1
3 402700402 2 1
3 387806766 2 3
999999999 999999999 2 1
1000000000 1000000000 999999999 2
999999999 1000000000 1 2
3 525092475 2 3
999999999 1000000000 141127510 2
100 999999999 83 1
3 999999999 1 2
1000000000 4 2 3
1000000000 100 2 99
630783940 100 3 2
422251405 1000000000 332267304 3
100 3 2 2
3 999999999 2 930212147
820459816 1000000000 228363612 2
2 999999999 1 999999998
992439437 2 2 1
999999999 999999999 3 1
606735969 100 574575067 9
1000000000 354487415 2 1
2 611627491 1 2
999999999 999999999 999999998 3
3 2 1 1
699118378 100 371255050 53
3 4 1 2
1000000000 3 198570665 2
3 999999999 1 419422452
100 100 2 99
999999999 999999999 1 3
100 100 2 2
475576299 79599546 62711377 1
4 4 1 3
100 999999999 1 4861357
3 1000000000 2 174737436
1000000000 748176992 2 3
1000000000 100 3 99
100 100 1 99
999999999 100 361399062 76
100 1000000000 3 2
4 100 2 1
2 43534587 1 1
3 100 2 1
100 999999999 1 913663288
3 3 2 2
4 100 2 2
999999999 3 2 2
4 1000000000 3 2
826551905 100 1 49
4 1000000000 2 3
2 251894516 1 3
1000000000 999999999 2 2
100 3 99 2
163708539 999999999 3 3
1000000000 4 1 2
100 4 1 2
1000000000 1000000000 1 3
216458893 858261817 2 730048733
404696558 1000000000 344580310 355699065
999999999 100 999999998 1
3 637320062 1 460765579
4 4 3 3
2 999999999 1 3
999999999 100 2 11
4 100 3 99
999999999 4 3 2
4 4 3 1
999999999 999999999 470395372 2
100 916630865 1 2
1000000000 4 3 1
100 100 1 3
4 783105139 2 2
1000000000 3 999999999 2
3 100 1 99
100 100 99 3
1000000000 2 592728920 1
999999999 1000000000 999999998 999999999
1000000000 1000000000 3 2
999999999 100 3 1
999999999 999999999 999999998 2
999999999 2 1 1
4 100 1 1
999999999 100 3 99
999999999 4 2 3
4 1000000000 1 999999999
1000000000 100 3 2
999999999 3 2 1
4 249842301 1 1
4 3 2 1
351511977 1000000000 3 1
270079655 4 13920983 1
100 1000000000 99 2
999999999 4 2 2
999999999 1000000000 3 218565021
1000000000 999999999 2 999999998
999999999 100 2 1
1000000000 889034323 2 585497466
569981406 4 2 2
1000000000 999999999 999999999 2
3 1000000000 1 2
100 1000000000 99 999999999
1000000000 100 2 16
3 100 1 3
1000000000 100 3 32
1000000000 999999999 90055928 1
100 999999999 1 1
2 999999999 1 354427649
3 3 1 2
204388631 3 2 2
3 999999999 1 999999998
100 1000000000 1 1
4 625855660 3 1
1000000000 100 3 3
4 100 2 31
515006471 3 3 2
4 100 2 3
4 100 3 3
1000000000 1000000000 3 165697225
999999999 999999999 13776769 2
4 2 3 1
1000000000 100 999999999 3
999999999 3 999999998 2
100 3 98 2
100 4 99 3
100 1000000000 99 1
621335426 20082604 2 3
100 1000000000 3 999999999
586838884 999999999 2 2
999999999 999999999 1 1
100 1000000000 3 1
770491971 1000000000 3 1
4 100 3 2
2 100 1 1
4 3 3 1
999999999 1000000000 2 999999999
4 4 3 2
100 100 1 1
999999999 100 3 3
1000000000 3 2 2
4 4 2 2
1000000000 100 999999999 99
999999999 999999999 2 2
100 100 3 99
999999999 1000000000 488516079 1
999999999 4 999999998 2
2 477765917 1 413635441
1000000000 100 999999999 1
1000000000 4 3 2
377279890 1000000000 2 469488179
2 1000000000 1 999999999
3 999999999 2 999999998
100 999999999 99 3
999999999 999999999 3 361042743
999999999 1000000000 3 2
100 999999999 2 1
999999999 4 2 1
3 999999999 1 3
3 4 2 2
100 305987626 2 48247012
999999999 4 90975763 3
999999999 1000000000 999999998 1
999999999 999999999 2 999999998
999999999 3 132294377 2
100 100 99 1
4 999999999 1 999999998
3 4 1 1
100 1000000000 99 3
100 999999999 72 3
100 380837481 37 96807255
4 1000000000 3 999999999
900930753 3 3 1
1000000000 2 2 1
1000000000 1000000000 999999999 999999999
632902334 4 3 3
999999999 1000000000 3 780175482
999999999 396025382 2 2
999999999 734992451 64730372 1
704993648 595827515 1 3
100 102245557 1 1
3 999999999 1 701097245
564769898 999999999 3 3
100 3 3 1
598618548 1000000000 1 2
3 999999999 2 217585714
4 1000000000 2 374349453
4 999999999 2 3
100 2 9 1
135818523 100 127108945 1
2 999999999 1 1
100 100 99 2
999999999 1000000000 2 3
163592637 549432548 2 110629430
1000000000 100 2 1
100 3 2 1
999999999 4 1 2
999999999 4 999999998 1
2 100 1 3
999999999 100 1 99
4 999999999 3 1
999999999 4 1 1
1000000000 100 1 2
1000000000 3 3 1
999999999 1000000000 999999998 3
1000000000 84082569 375561153 2
2 999999999 1 235322552
109588419 516866303 95880941 3
1000000000 100 1 99
4 999999999 3 3
100 999999999 99 1
4 1000000000 2 1
999999999 999999999 3 97982365
3 750409238 1 2
100 999999999 1 999999998
3 100 2 99
1000000000 100 1 3
999999999 1000000000 1 999999999
999999999 1000000000 2 2
1000000000 723284552 647366837 1
513324740 2 1 1
1000000000 999999999 3 999999998
100 1000000000 2 1
4 413460114 3 2
4 1000000000 3 3
4 999999999 1 2
3 1000000000 2 3
100 4 2 2
1000000000 3 1 1
713458743 999999999 1 232415301
2 4 1 3
66434218 3 2 2
1000000000 100 2 3
1000000000 293794518 859896680 2
100 1000000000 1 3
999999999 100 999999998 2
1000000000 1000000000 2 1
100 999999999 2 999999998
1000000000 999999999 999999999 1
100 1000000000 2 999999999
999999999 100 1 1
999999999 100 1 2
1000000000 1000000000 3 3
4 2 1 1
4 999999999 2 1
874810763 1000000000 1 903855415
100 999999999 2 2
100 100 2 3
914040527 100 1 2
100 4 1 3
1000000000 3 1 2
2 1000000000 1 1
100 100 3 48
999999999 1000000000 3 233117279
1000000000 1000000000 1 4469475
999999999 130079639 121158886 3
999999999 999999999 2 3
999999999 2 2 1
999999999 3 3 1
999999999 100 3 2
100 100 1 2
3 1000000000 2 2
4 773392332 2 3
4 999999999 1 3
3 1000000000 1 638408569
1000000000 1000000000 1 999999999
1000000000 3 999999999 1
3 1000000000 1 999999999
1000000000 999999999 999999999 999999998
3 3 1 1
4 100 2 99
100 3 3 2
4 4 2 1
999999999 1000000000 1 1
160776118 100 1 1
3 1000000000 1 1
3 100 2 2
4 40276081 1 3
3 999999999 2 2
1000000000 1000000000 3 999999999
2 1000000000 1 3
4 999999999 3 999999998
406955220 100 2 1
100 999999999 3 999999998
999999999 999999999 3 999999998
1000000000 1000000000 1 1
100 1000000000 1 999999999
999999999 1000000000 3 1
999999999 999999999 999999998 999999998
4 1000000000 2 812085677
999999999 3 1 2
1000000000 352351844 795508322 1
1000000000 100 999999999 2
100 999999999 1 3
3 999999999 2 3
100 4 99 2
1000000000 999999999 3 2
4 100 1 99
100 4 3 1
100 3 1 1
1000000000 100 872721048 64
4 2 2 1
999999999 1000000000 999999998 2
1000000000 4 1 1
588175668 2 2 1
365482087 971250614 97597 28576180
100 999999999 3 1
999999999 153855548 3 2
1000000000 2 1 1
2 3 1 2
999999999 4 1 3
2 590064564 1 410727603
4 100 1 3
1000000000 1000000000 999999999 3
