500478461 1000
846196809 977886649
177145100 663094156
8842961 979260582
61355305 122857308
294099741 402099382
3987437 28932195
196812929 851711147
744775617 844711596
397244670 946061882
652402886 816770577
11422000 461916760
2718826 736449843
494751767 926591189
190142052 585848712
74692117 382483541
230096509 604154249
232640750 715838509
361777026 403456673
571872205 670347782
465194337 494891299
278677840 655057575
22908806 295554855
809816045 997559323
410872582 915218657
179935534 642293419
180257181 419054419
679177992 781031414
669031448 756713430
142423809 360665652
16440797 754135888
159405210 370459573
126896438 142737563
225658426 789085174
431724864 772060340
16534433 450004445
360180469 763451537
97787028 310660079
107507075 309481451
161207626 536849173
16263544 884800290
643426334 851185806
792776311 869349500
92012931 484471722
628594245 883428746
645150394 752499771
370758810 835565209
30944031 636707609
496516997 568281471
476537237 507185246
914151594 997903055
55999807 437871757
211604079 632062864
531284527 770677836
125507921 593605610
96590997 538485117
640463471 813639045
501141154 692263462
223524989 843411846
69932103 756062113
677790092 752962989
292036478 880993850
261707015 907106364
9578597 347355013
388738172 556591173
714508688 864497651
656525211 703574935
27536426 665606237
236035580 794813791
264936708 544434229
59987536 430607295
272217158 500435179
24273238 931205126
360067114 870021990
211032226 305733877
954097341 970822744
266609617 766890739
158364298 881208234
295393999 777195135
22615728 749903581
602104730 650650526
18545883 994885606
870101186 988179654
313418482 522121469
655501226 971670431
720712285 908685226
289889476 894386643
155434588 697852973
186459363 963363270
702502263 883525503
135873115 807460187
230766615 839523562
693294817 932933839
425041989 754931784
209769124 446934722
909666800 993877320
666850246 842578376
502902459 892366651
2893205 47955019
32360976 482990797
32130765 105506098
397423545 486838996
244689776 624537032
169868823 691157390
109973727 382127155
356478113 927016799
21521401 287720031
763977942 999181548
11196650 735874801
120865228 388124818
243065019 354385178
7085029 476988184
649758361 825835182
843712624 970389079
297114990 479609953
346414874 779077072
62829996 341293491
582462539 886768047
880295476 896772236
398463911 580937927
214916787 860857802
12905197 923492022
625527597 651821767
686971775 999506983
340550797 345739535
428420822 934407617
285349758 452930671
210298901 518093178
86378132 612263028
316126547 790260506
371438600 926032506
690410920 697301235
637897362 983540355
169738482 662107676
463628876 501855355
381969314 472102063
164752308 388397972
638823537 841857911
288076541 459255355
7315728 630334867
793808596 954612416
447935331 670291391
271101321 665811954
186748414 684236135
9305923 545246609
354326955 946382739
198270767 694167326
112640534 324861325
220699005 374854161
568135381 612721678
367114196 731812841
386808317 773328624
76713223 971202918
471341216 613088436
495403059 764024255
727647792 788125364
3885160 252721663
281011506 460208930
572012754 957615636
136966867 374231467
196790989 584738016
352652305 390067576
227167 820882695
140637392 323038305
365586154 878451973
216358270 908466947
88495362 258004893
493656332 980498757
297360701 762505444
77101976 160539921
495389400 769983054
467688317 895882968
14709178 284410526
108114630 157482853
435057728 977690563
838350757 924247280
120914156 384895929
369343616 530416428
23641058 628990704
408113574 494534808
120398537 218271779
780275122 960149908
105833199 291203951
39933868 410899739
121463485 240348186
288278954 733427521
347524276 919000978
554099152 909916017
337619423 880449283
421915281 779124937
342664816 398642967
368829486 838176209
263840792 495838014
360178858 484999905
278319582 684207257
387795433 799601675
544372259 945866858
210076170 860353035
154731533 436631770
337823317 966592466
281083910 607596715
773310463 785247152
309302289 509872528
728388339 763238149
67759780 772536206
906403868 964551167
47466143 197444755
305757307 347471488
211787461 279867140
676855573 745476650
6579892 390019749
204891050 846220409
514814466 860720864
488421384 562960714
535106005 636641299
160887397 433864792
257090033 361714032
206415476 433105231
656311137 750727832
828056768 890415303
196039107 254421192
322047883 357941576
48322183 112453146
72047991 628427816
340552967 728320711
444355504 643917689
183486770 918540765
480606032 904924763
263830029 942698388
403489804 467470747
251529725 397009205
616215674 701844277
633027861 814362454
679608537 854236467
78736284 102213032
301597095 973247948
689769337 816538661
453997573 857239163
62183491 721780864
200728720 905730491
70466022 201190865
647034674 790092798
50648633 474990875
214912583 439056589
640450695 801280551
786886131 968136104
597106084 686888744
105912499 196457033
292793299 759393291
452624969 524298882
272250153 293473650
18116345 446517140
425216084 670915445
157899748 695228175
71805677 563000613
95900397 864285627
378738730 401526358
15494732 387663138
603966938 975415540
114621712 744406018
807659944 932092396
1300592 183040898
306203904 387087798
9400607 898258404
779037556 972290563
466482306 871720081
241308987 492917788
12578011 122798569
214205988 924209440
383885699 472125777
577177506 666323894
38379709 621056118
386025132 767816900
214235535 929280130
58031132 114943972
385117829 679876779
189200847 965834773
707296418 833736245
214156448 348570548
123566126 907109725
21752811 331621952
403428380 565344389
372834478 575782054
420089443 682918821
88045516 235624298
653122590 665297754
700917565 850998783
775716312 917209977
569245070 732299654
770590578 830088992
237786042 875963051
534573455 940358878
264040178 311747476
442295283 742365666
74373802 410733272
65851019 348595169
378808717 620726420
87748375 640908506
280175295 488605096
730304483 900983905
127848663 670602725
631408234 971618318
228230255 704335869
285318570 941847631
563064682 882796611
83148052 661434145
518223056 855454954
257410108 805042628
695603625 708488777
350746839 607293890
218321204 694001704
606050610 656420988
414043297 584034935
103900329 589876227
207191199 920766041
241065901 724855458
594754766 996817166
605029531 677253768
412350027 412433450
88596653 409399347
681716392 896399976
686230511 808193511
187484352 536109234
154149881 604029462
92235303 385978158
485227602 637493813
561235090 663878169
452986034 704627348
793072760 857859773
128092708 914518572
407314955 868232648
374349241 549013059
31033234 751461060
430070154 483684387
300682551 687393300
473760653 533055142
56769856 349394094
62610670 257564180
741430775 993158750
367806757 823090526
552590437 684493374
856110208 868050572
276793744 643221619
23902265 261762078
328959144 743513502
170112004 952431413
98928145 488183049
693952687 840358010
453071360 958844540
86750360 658381724
490744807 881925010
746684933 774815964
229823336 564444443
100809100 422953680
341769801 804843012
413490460 569900233
425320939 701662127
441280461 945305350
202038782 711464327
459554946 504053108
200697188 799796224
821762691 874128228
402549131 839002846
108624917 633266641
457882280 676657454
595219474 753720700
300410028 306832981
914013853 967990988
836955630 858213574
224818402 975132271
780866170 823376361
155959444 447008166
472902085 777500127
166959836 370581201
80481430 882831302
622022815 850542833
163047955 436323579
19775505 345852036
818362313 947128409
337752545 816771514
653322531 960710316
429388302 757539284
261695826 842147727
728398128 882251794
593241733 981100826
407264973 469635133
785610605 974045551
39993622 726678764
382283151 874812707
30316078 31808296
323408714 883547272
562406457 633023631
66990859 188423837
588073871 592716687
97020965 347804103
228618188 624859510
19801847 640370499
349360189 754787027
185470614 594526392
69693962 257411256
554222371 772215662
382135914 454286937
367909005 374874374
185354740 215830841
170069302 307252682
61452316 325458152
286172161 531248675
100140985 959046959
681391567 683006612
127501771 294074204
10269156 593207923
85195390 169920559
449623907 658554985
365534169 387188996
590087398 807913387
475711437 492340675
329018392 354893644
542601553 571318280
484417688 514229714
480584030 676827341
315034463 982234720
434650322 558911205
70010901 706048736
581332359 700596316
21527312 89761683
248031998 316089252
259446364 489881941
66781722 961045691
49656425 390581271
349356599 595948736
609823490 911582614
286190257 525347073
320158273 797686804
293096405 884911187
53147436 438746322
206496474 273255974
788366994 988304413
111165333 250960336
37258431 725406389
636822976 787718425
459568409 782589084
429880654 995094846
668425395 918916940
131632821 932011651
389088755 760118261
307766789 630444730
127845831 960841575
529402617 776610842
315896658 915050474
34878962 254953290
619943127 658563485
517103547 712968871
38167463 470442753
461363875 882658881
179144519 983587554
24653610 722445574
35561410 792715079
13527905 471729318
113948244 785926618
172002669 332546771
916996476 927517673
93520085 550736898
201958498 402140798
222789060 481277919
274141602 368608911
145283103 396787882
590613561 854099010
32424716 833920997
806134550 915369974
236012242 728705494
238043270 953867757
371077898 498852908
36852489 985555398
575854526 818644981
355748228 938423011
840590126 982878086
3588543 96650392
51418330 723853236
3758532 941962445
161721296 339112493
500746737 866243505
284689508 292931470
14622187 398449811
379770180 796224807
776638843 846648999
124014021 532067461
208104046 929539394
97149886 642230155
392367992 414908804
762255320 891927429
374124207 442927328
391559708 568391718
197785671 847599074
944800096 969504167
68518742 722169439
195843282 481258956
80411003 600760920
409980968 577994924
246809448 368948363
717003652 846912366
189096155 798676870
368391103 550048032
276613429 441375446
78091344 820161094
82587292 653645863
597120253 883834616
481618630 955164468
236582439 273960663
738634330 957702651
119513007 398002311
244661643 412950959
2602770 744500872
89802388 398524722
668282803 723007028
601289779 933732023
49095670 846094442
339814367 643390157
476112515 936193425
609463033 948174860
162218077 898731519
115825347 550275504
295303546 554235477
548644472 843496140
264072162 709764646
225276083 806232990
421804361 423951451
60558249 505630586
19555170 591435158
495820360 675135818
293090964 897037846
258585792 852262645
249916050 642567957
449317017 793681103
706975572 772835014
149828036 631284693
428004500 565286443
54226605 427987738
808368297 906960523
537143271 871510384
224424375 825794926
831591113 976584860
126283918 699550838
642303670 671685132
255013848 956987296
300128481 637030218
496893364 512016345
5050471 510745696
436743971 651393300
224349990 954318193
199531857 896274193
305966247 417189230
296814489 400208520
398772994 416869786
453260087 963410948
8269350 773772405
9968962 986332726
558235523 563259628
198155852 643317823
152696249 217747443
392840009 605474488
263486395 395464911
288299407 522727345
540302593 756723649
423391233 907545977
20344109 514598301
372602419 876065513
29256583 727047195
923906928 975109280
84356788 668244836
104168829 152666997
353975493 974861464
106089606 927948464
2466877 703248215
174959195 278989508
139351198 248662191
481466249 708122628
216850836 985922236
268929150 426736310
910803729 974715283
104285712 743295550
474543423 712520650
309360934 441419362
613032853 622621142
867070880 978078234
128739691 407312082
73897958 191776488
61542586 142651285
308597806 505933898
232847347 744723947
111476162 940944009
466465837 864077576
377051253 471139633
566704403 685473969
482889005 891415118
634024473 838453266
896012737 962814173
463396147 716885620
704070347 774638668
42010726 518801183
621512343 777367895
509687013 749799164
21559578 119404884
226430112 360457127
74576655 861951991
219795438 602074321
444202660 989747039
390310391 828498955
339600333 415510429
109737347 512979915
463461145 863441617
266148612 986771294
12212714 738116362
218840960 792685693
141951384 901111216
554586292 800444597
694283841 750223463
567030944 985873020
140691168 228751297
18002320 213494666
672854174 846744735
124312976 994945017
374378256 938826525
651806048 841442721
239169102 851396309
319173140 749830206
185097137 452682456
126740039 909715988
315503657 482661370
331772133 821505074
360902083 527138468
297687536 463850050
97449161 497664867
125262149 135709910
759946962 767577327
20659716 867121073
407492769 424512346
399789283 616394221
797803270 964047610
368676210 625204485
232270312 687018618
719414853 864554298
592227009 918947984
488261157 736994793
637107677 811939099
899412704 920198759
167046539 653622653
872375806 984669305
93729967 111474431
288049680 825324622
307205934 454506788
673023351 914210772
134802399 838456245
104097666 832942126
86923062 490707953
702010793 855401712
605336125 875174512
15487852 174821138
179324885 287178083
15436938 143765733
265205280 890015705
317456500 656990264
136996767 832728241
286203504 896250217
124201358 563823084
82258663 305089414
27722148 420970577
871593566 925244265
216466338 394896953
480215845 858284003
132134691 450998158
285877729 945656648
563365861 719254736
45850673 178258669
391551999 821738115
136828982 691404660
168062453 595993915
144056806 437910195
303681452 870664039
596133578 794605421
173957085 963614433
770415337 791993089
452981971 582132172
19012373 420980803
4464731 770281684
580809497 625227657
296942426 557300859
190911033 915490190
365190808 637331842
203140678 907526041
338608293 867193784
374331895 577537681
209418276 252900316
315539122 783698245
830805418 971522057
115351869 896675675
464744400 790546684
278347316 688912355
286166746 770895176
138523665 646120734
762110738 936766852
365162174 927471999
272277402 606013150
3078676 760223447
345886912 843788026
673671469 958821568
86695173 790662357
474762111 951168648
618520967 656611712
364998349 846008247
309709843 688403136
525020043 810840108
740272713 841188258
565922799 852971741
462303910 876909915
602475 197986308
848964365 878610398
292079150 807599199
660539888 981333903
107718070 232799188
367299594 407518340
251517776 437990710
264619271 289710360
150854445 985586413
316587510 803045402
400883878 405812836
119340403 241122141
534445928 876196564
401193772 630069401
229586057 624294725
543991645 829693997
310816203 461158002
510988740 758009162
293140963 306904637
710990553 937389600
235846603 980515735
407363426 976026541
686722497 864699409
372628013 677206971
318410668 822307562
470101254 943198978
17252 199563031
98443896 951372180
201214101 959069202
35815359 699727754
135434525 816400766
918320023 960243888
314069618 492914585
899544672 906785476
11425057 691946262
32995822 832193561
97316744 212103802
127743296 325886953
797182640 805116013
93785110 843325001
418904642 796750085
28695352 208291791
34797946 553347201
489055917 836285263
269172076 348847994
558316980 627939443
190520805 560564924
588706314 947419815
231860645 942849879
293740670 669405799
174804327 288704536
223308167 377257743
344311481 651650482
9267349 150102056
622990716 954325255
516501339 986074074
338801967 434380043
108683959 943946158
313002117 446644562
47795221 463873788
596798267 680633937
236669983 449933245
597076148 659443494
180825609 729922858
660906802 878306389
263897924 359571889
188524630 839650927
17289643 292948799
88378667 556171838
301606250 835901248
574466897 717238968
177041649 201544986
498843174 644082179
467150871 508498619
293157898 742689628
602810141 792507455
234184016 326457716
367320010 738529905
215700157 823920929
130389710 416111278
645039716 803728343
364014473 742500286
373552822 957233360
464320210 869346840
360253735 407584623
500724454 519455106
868718118 993167354
87894029 767979806
360112694 861932262
30974306 571062564
672514018 788430839
374121849 676680849
185831315 217870168
314494529 624343883
882613016 948081729
85188411 159241945
320908036 973393839
414703973 981414696
94762971 429711009
715506600 844491158
809709119 981838790
257110947 514497665
607494845 811280085
364259609 511408232
124411979 367852769
85628057 304501981
241100493 990584614
144021979 952414154
80701118 878469644
719643193 950539774
464026298 639251256
617652196 901877861
481413753 653601075
429052637 995807705
569906044 588393097
338898381 684806260
143705492 296935686
76073431 753572769
566406975 746895776
132764493 568749730
553190397 850898305
759246130 837829219
75713614 293952609
75675831 304135791
165987912 249890626
69797082 373357348
651373749 999364070
507646787 729751322
591394156 799796467
529123408 883742755
95714649 999930158
541309134 888610267
153304798 589371960
473637991 578362425
259899051 554199638
45196322 225578430
360949249 767255389
327877409 442100224
641150049 994677364
28688636 64289491
275567959 660306175
257422359 775829661
45015143 110046696
707166115 723416166
62658065 341535961
122497985 138805777
303136547 871664016
227850690 381597780
249772595 398581647
96589371 370562058
484579139 812794979
604768266 621048106
236060799 438014736
81504535 710233068
91989229 595137160
398210587 919090109
239085117 469480282
52410566 74052044
187742995 560085029
410235677 884377129
885588793 978067136
117340995 883222161
690344197 921389236
105856608 797620986
447376674 821869488
298116727 531837783
274618491 654371402
241123006 383764652
552151452 823566886
119084277 362492473
698657759 776746355
389653444 608355349
453851302 668193099
12345590 889861911
76117068 487251454
531525813 832196781
220175764 881670144
122259622 170865792
533287634 611758747
488734570 989229351
272628231 460089184
74185946 907744615
341369964 497341766
463206032 869476753
253906280 490763987
114515345 635734407
70835844 817601203
171894976 176537172
120396160 931204446
77647890 843328813
411892507 872225829
900536437 965718511
511550369 743681911
481674329 509444470
269604071 653520230
144208035 423507558
127915705 526116501
58931485 957312657
321133887 465519188
370409698 720183293
835558692 854583934
447460167 862484206
41994457 591182437
772468015 911456077
499492573 765928990
590289140 726361567
183615137 494536806
372167839 887590943
9348466 283881197
841091683 907470740
396105799 737361718
669887907 980270932
109639814 116008662
336454471 910914525
511383691 810521780
558112788 708532753
502703065 603659047
226060025 712808839
506808050 854369797
287245040 398227355
39508230 907972858
63662424 229847343
295157371 833750050
116299602 829471730
135083973 779050061
159106317 529191088
395376952 978835827
637747478 911045082
182264532 741435303
416414033 569027048
535347213 898009218
15897709 269232485
56630739 770468883
507729278 792797591
325729755 710481581
234025058 858972554
541330518 796284428
278283406 649647271
490678965 666419101
520381177 643907194
35130155 273115132
485518558 638086954
366385911 401455846
629572183 836758237
884098090 947566908
173596126 941702967
729244243 963450572
755995720 979917449
287235933 660150630
615425685 702254139
669159655 874908616
86949641 741389273
32775970 456008064
565404480 709366561
240210550 694600963
277560487 790361439
342220114 445957181
101591578 232923746
366004966 451072073
970437995 977092441
756908684 824316035
56878059 423334438
137423370 752180322
431392827 732045778
676537469 835881190
469155770 631841090
655321935 889226855
691191187 856736251
412677763 728847307
217365796 561075267
242943302 548853058
384668690 591076802
107484138 178871324
497111191 901684689
79719385 923246240
279225522 492486550
200647320 709658903
226301828 843995222
240443925 918696791
603934021 931483508
184231754 389415508
499686601 932705608
720838118 844801387
282185745 342961375
214363841 501224929
379939390 608723424
355246563 358689722
