1
8
1
5
2
14
5
6
24
1
6
2
1
2
2
24
4
2
9
1
2
5
2
1
6
2
20
2
4
2
3
13
20
4
22
23
9
9
3
4
18
2
1
2
3
2
2
1
20
13
1
6
4
5
6
15
4
11
4
1
2
30
2
2
3
8
4
41
1
1
7
10
2
16
1
40
2
4
14
9
2
7
16
1
2
3
3
3
1
6
4
16
6
4
2
1
3
56
2
1
1
4
6
4
28
364
1
4
6
3
8
3
3
10
3
2
3
1
5
3
10
1
5
4
4
6
3
4
13
7
15
5
4
5
7
1
3
12
2
3
7
3
2
1
86
6
12
16
3
6
5
13
4
4
8
3
4
17
7
2
2
1
1
3
2
4
14
16
8
1
1
7
2
3
2
1
4
3
2
3
7
4
2
2
10
6
4
2
18
2
2
1
9
5
4
8
12
6
6
10
10
1
8
2
3
12
10
11
10
1
1
3
3
4
18
1
1
22
16
17
2
4
10
1
1
4
8
1
1
4
6
2
1
1
19
1
2
1
2
4
9
2
46
1
5
14
4
3
11
2
18
1
1
1
1
4
7
3
2
12
3
1
3
6
10
2
21
4
2
14
2
14
8
1
1
4
7
91
4
12
1
10
5
8
3
21
2
40
6
2
1
10
1
3
3
6
4
3
4
3
22
4
4
16
17
3
16
2
8
1
6
2
2
4
2
6
5
8
37
3
5
1
16
2
4
1
3
5
18
6
2
15
4
1
26
1
16
2
13
2
6
5
1
2
76
20
12
4
9
6
5
3
3
2
40
4
2
8
3
6
6
6
10
6
2
23
7
6
2
3
2
2
3
9
4
2
3
3
5
2
2
3
1
1
3
4
2
8
2
1
2
1
20
11
4
6
24
2
6
1
1
48
15
15
1
3
3
12
3
6
3
6
3
2
9
5
3
1
16
25
2
3
6
1
3
6
1
22
3
4
24
3
6
4
3
10
9
2
1
2
5
8
15
11
7
2
1
4
1
6
6
39
8
1
25
10
36
2
1
6
8
6
1
60
32
3
10
18
5
3
10
5
2
12
1
10
31
12
3
1
2
1
1
1
6
16
1
6
7
57
1
2
3
11
1
4
12
23
6
2
2
3
1
1
10
10
9
2
10
3
4
2
3
9
8
39
1
2
8
6
3
7
2
5
1
10
90
3
3
7
12
5
3
2
3
6
11
6
5
4
16
6
4
1
3
8
5
6
42
2
252
33
20
4
14
6
3
6
16
3
7
6
10
9
10
4
1
2
1
16
90
8
2
1
4
6
4
30
1
2
1
6
19
2
2
3
12
3
3
2
4
5
2
3
19
1
10
46
2
2
1
4
2
10
15
15
2
5
2
1
2
2
18
1
3
25
4
5
5
5
10
3
9
12
6
23
2
4
1
15
11
1
5
3
4
2
25
2
1
12
3
4
2
10
15
4
6
1
1
2
36
8
2
4
1
4
1
4
1
9
2
3
3
6
2
1
2
4
2
1
3
3
6
1
2
6
11
1
6
2
3
6
1
2
1
6
4
10
2
1
1
8
3
2
7
46
1
14
13
40
6
7
1
12
9
9
5
2
10
6
4
1
10
31
12
8
2
18
2
2
4
15
2
8
42
5
2
13
4
10
1
4
35
8
3
2
2
8
5
4
3
1
13
12
8
2
9
46
1
6
2
1
9
1
2
4
3
4
4
2
1
2
6
1
2
6
3
1
1
3
7
4
28
6
6
4
4
1
4
4
2
5
4
4
2
4
1
3
20
5
1
5
4
7
2
35
2
2
1
35
1
3
4
3
4
6
10
2
7
3
4
4
4
1
9
2
2
1
1
3
8
2
9
2
16
3
6
2
3
7
4
14
3
8
25
9
1
12
6
2
11
1
15
38
8
10
1
6
20
24
29
1
6
2
35
2
2
6
2
3
2
12
2
4
2
6
11
1
2
3
2
3
21
2
8
1
1
6
47
36
4
3
14
9
2
3
2
39
3
3
2
26
6
3
1
7
3
4
3
2
6
2
2
19
7
8
18
1
4
4
6
13
3
3
30
11
16
5
5
12
1
2
8
15
1
4
3
4
6
6
4
12
6
3
7
3
4
6
3
3
16
6
1
1
8
15
4
4
5
21
3
3
3
6
2
4
3
3
3
7
25
1
22
6
6
22
2
1
4
3
2
2
4
1
6
1
2
3
2
12
8
9
4
2
6
1
40
2
10
3
15
3
2
8
3
2
6
3
2
4
7939
Part a already solved with same answer: 7939
