100
100
8564193538151922613493934897786723429168736413475776871916935949512579433554562992571593236391955259
100
6322391677926938748816216952216678791345718478581153432755298815725752653984272823296284642865331444
100
6887934267635136131155632485995981934779771756861238927158684461764269513722147293671598358139887278
100
1437264194411388682868629651489754459193228745775775559666786483557344984371486417435278242832854956
100
6885569256911732675583228715159475727841232955333429336693437585754352678482728797891533729988599292
100
9698117684929637818355666561245291362642218572622834468184757764388595757197984615449678889441579153
100
6695478179928619145925348718229114263334457512762333565539737357388513318629584982246577584397611365
100
6523739535842942417687857162436977759898628558259182666931623697386768436549878213587387427931737597
100
1597894254621775337193356661476168745273167357157558268167777225884389178998523132691948861515781875
100
5794416578416455626673165344161261626943886934782835682546684147175429626917651752195861686514572751
100
1466431563584478334257665532275491543549948117511517583295433478844641456112142523247482529955184779
100
8843945768536412148369472993618733995498291222127294823879392494532314272452132327556776794757545423
100
8735981292712446277926566621986478989941485353417185942585649442472748442626862723734533773591657625
100
5472178488883422355921977641871286729874598273953439169248462324791611221562444354165913342345949951
100
9178682534211354455637114241112168646686828183558943717781116499537368715734488975482622966419395896
100
3416415496719573238876717926534348115727968922581753271717491365867694477696776532252793778254846841
100
8177142871284965488188925832278679974697516968923159229417844732256233726314946622496425225277186311
100
4429962486985374551553611298411351181569727317144773197482962587356845856141612567731235458838224159
100
5362533696527285449344534918741798544759641231674162625995658111694668638288862791343913854679698956
100
8829298278287296165427568176454448463341999469239124578631866683748624984726481599839435527861977589
100
4997976966432925285949269663174914143175182348691464578798621938417913673972437185246196768716567626
100
1717253678223251675391547296245886864286859133621255388731536782981443178949855514567334581465997911
100
4696451852458938426389636883522519477618986938567647262597198226447933942427648961859417655181234561
100
1458654599694479748477533647726227859919211338985211985118472747191573213655796493651929399853578613
100
2364661957162385867974651588258651886834739668167985388341442878299421655454391841697277451597212762
100
1716223173593571999171358566148289361675136333468918534738742962526777215917315438621549562816985979
100
8421169377115111678611599687233483624828912937522231959733932137436757819548899215815517953647934197
100
3632391421356642261986333244783673156574262552846783479577471273977672727698567487947875924151435197
100
5856415435743255878474263926691656329411269182712542183545692341145676119928414313844487589424492525
100
1222159965466295372983987864114451627418724425824933332399646628283423224997564616952744864337911759
100
7354457432567742577185516689117742636724264319854438299138463698186648344485125316251839335866914117
100
5997715766685315157842892562523834897336562139144843815744363887744521523442788197784598593245529672
100
2351823618299555888164119615766183619682643576816758955665178838134636754255676459216614732616967158
100
8557378294197325276699554486613141191442572481423357252189914994112642162791594482731292742115287243
100
7736149317271528532574778656261524989285636436817887183633747874543862821637621825282572869799843718
100
1434467235267864271641788764296125928226957857664885464553741295347519452254417416839617496996928657
100
9676177643579719944317346443495736263263584625161519627182858986131514134918271567472121119678181281
100
1694862179668271165296159421497666685828528928411656556738848633265282176192278744242823432992624198
100
4699922513133254299251939795148661543384514476422479593869174119154734241141625935617339995999526788
100
9658854195368593795932478364445691745695625869849142956364287583899994231417258516438232624559595256
100
4444631788857936863649465366911249447799444316495485385824132584336789338733758957248589919331616684
100
1977421173158715419113355975492796797163799971186737218114989849297939441114197889568676796181786493
100
6288915917693143617596311295623957984494797825874278788888239496714733583938326242511383842471457416
100
6788446612965465135631391832411993324732191154642382627413477348974699235329497372938517331876959643
100
9337681751963821653915455457878994153342219641285854516213135732287251345267775193388872866938733549
100
7449577284651355287314932354393577559517814414879934833815381329653142695724697288823473754577211376
100
6718999184245973484358611192223787584299617335267199394877823634611719958161925996213528272976358829
100
9816254221635975161335779574562635759583193516375986541158719332657564935375665568164898632635771389
100
6322196422188668198676797587338296351887378185773389277982615197413628937668953262439164991557132228
100
6464662443549178229542449712928586899297961353881553275265845493563316534652981299173433345465568194
100
4914461254165864826851499659629193764789636281877676616287723695493193897735898213535647971894156234
100
1661516599971968432473188525343968873247374378537545651292564878742757282791574517645213719478771541
100
5523517378277426981786636313162271267863758455829215348597682833229616928646218357637676198443514374
100
6768668957281322948289288972178812515628783629539976697874356761379499566496756411418677631458375882
100
8178723257519582219174949489815383916535826395488744549936611894767616254533157987492384921741377545
100
7946747158526941794476825863752148966866951668152552639844183246796675561154366912435538771493571643
100
4656812135416623597721461152279578152919712195496431688858186398635714971367249414161781349379743376
100
3175285155292417578342374973888295553656451498832682864785869523215769619864777715722697383433725786
100
5939858799251484291736513443992358665784377342976939375132493949544328856261357171696539757214825834
100
2383961391212995582548687252891376615642764775969858729929948488482697731862563846173681361783726171
100
6288941936684349674194971912495781754689946462356158172745733981849386634975949485265873999663755817
100
9264346195476756743753186469179282582641698533118683264799529731737712167739773714727719431852335974
100
1294677852779926134799461965469256123648841888996652365457894541797424778563912775592789418648944685
100
1413956547984727614382832438757235955228137668758793317333116927396234278862844296929913184213346223
100
7798829589735584199994985233722281663977787141185184951555639447361838762974975426343353421935248856
100
4622813817887238565199687323675998592775454659374749356729247738282498339642643723176316132379817452
100
9498849497562836333698987293993994173184738486392536751469897176241995866178941968344581637792625719
100
7454266441352678555623851876298726623386511119825356766257267132317221792958411886253341725148927637
100
2968391687791463869153446828964585651669879939971236168632348794661494184588667722754639471188148298
100
7656147775217788572592392744717392763817877686285938863831284482963421969951654779938477797375843557
100
2296114578722715675915673538633853578369396923159137588543887341427915691578982428647643662363844322
100
1464427715242225168244732819688688169231571255121456882667785782992746573891515371193434713766984166
100
5926494975255691846351864585894973712645822398747226817288715368216729751886111622724981615224429437
100
4178875871424544298684695841489871485613823626793571158498987756559251646375134695111183912741227178
100
9918673119797731991762787922163224559897141119342529854819524418571448148875553492655857679898592787
100
2883583293672871961373387812469599474993142567138484431667176964527178634832728249554293691643376237
100
6618411622451313981481441883865981546351594362885678628166661766641895268736886226758978497984251934
100
1619874275359749753318884381923698134642957458466491284219356761483272549365932724475831678772168297
100
1875144976885655581599234938162491911914596927879215156278368155724685564523942839276718845685336256
100
8853911144345285554283873141423224219949994776578948917862677939267128782651758794565961873383162665
100
5446629264735126866492162779343938428818547971719113636423977267269584951976593476833421343212777559
100
9972279424571815255493162231522939982332345377839713228395366662967578836123576542442727124328796329
100
1841462228865462545616251689968969152946224663959443679225129253161462432351997465898171212616696186
100
9664134587139713397218833181484969527874674956984463185552461513459494266622424199322991927918217393
100
1319629996664836121681727236283195182268791637293855586536435413685441539124641635677849386293433865
100
6899169519938574156454225294661152761341327514222531949399857796289321366567172425364113686878581557
100
2762255245439898734228918683182615857535663535548694393277853386752572422798464181778122744574313211
100
5368681924454563494741141685937418573792974244734365517547114558856481948297685787639351181517233982
100
9851676358145521578683892513721391328667935486521116369319872178585571694124291277154245899385593698
100
4426722294142962155128281426713315998291858268231719594315534941487845753826356272476744968316196464
100
6152657375767699147675647984932169963341331181976418757133415647864335214431269862969187334188592354
100
2958499382117983428712159923494745775344331286932497152184887756587662415892217372751911136994538725
100
7124319235182677415577622878527784975493582121188383524377226793249162189594972416583457333236936523
100
2689119989935532394935335499951871463492791449529782278196235391859985396498399549399963883611437734
100
5428135991884912474288249527371863441345796488497298768933761181271636911822293615591427611541882744
100
1443427777775179873519186674497526151898159995665187263358447746248975675637444645253454833641354941
100
7496477413489876294632835914991767897683574176193282991787514374982356936493147794239853516982229517
100
3272216449464562989916271995987783939525967225548262438416259241652727325455822916283441793642271163
100
6743446519212161258212855935243356918967483416554446786474314249686199228369837341746388962736716815
100
6312551675381851184256724213425633981972192485219836295137734432889627814174678553535559637469687545
