5
1000
213114005 722388045
242260322 916445904
166183127 868619016
101734299 326187504
442045368 579218007
168259112 411177881
55760010 570922747
266147174 799975583
387235729 937291612
47628333 888635433
386887356 957106688
397670887 571284025
344968742 608441376
341882280 434654931
211047202 266874950
870552559 912288344
9676858 776841956
331602581 502882500
198091552 218875376
483571449 753396007
169955959 565677649
469148124 995847725
16443138 229846496
246896936 727751951
292855310 367824179
279509806 903601200
285702532 773241696
473121350 529699978
499354959 902517686
87027328 520558429
452177325 952556224
93688873 94522925
375031613 664674386
237894876 906276274
822568836 860534141
216478952 762414445
385837611 687593889
269978523 572428898
34224248 213283892
102685545 534407965
383876386 818008580
454981733 926500435
479210404 908130606
43272768 837291352
131863700 248102082
577643223 801006699
710242995 923648933
338683702 711680031
299001081 766189344
224728966 867979674
562293041 604327472
918788727 929876961
70422962 457518256
775999996 907212485
94308460 844052301
543487355 928630901
639970261 840033224
239127430 834589458
165123224 914591429
373203259 437626345
866452575 940090410
405700256 954613899
677125071 697840097
847599831 977452494
547830352 821562049
1849130 335791582
541360906 937443031
65811660 828095723
200555922 528052958
568523499 701134798
639479498 792491338
790300264 836573339
161973616 693035862
142632275 842228881
168626134 920859755
32420495 318863571
525561719 893284199
230397706 430362076
161631731 496359020
909545653 922390943
386147801 416887674
296426773 504432321
683053801 856755047
24362362 639748119
468286477 513882199
296901378 904311304
138583557 842635740
286008473 359911957
73612331 562359986
645167273 774672537
393394491 424526880
178994182 413234222
282088212 752837575
47739191 698886343
421624712 902534850
145402024 180938974
44685743 419298939
143871713 196280475
574671008 887357564
231218617 747314758
712670206 763664179
636973764 810900084
446954154 621852751
207278723 970538555
227577147 868330318
357958961 416380956
406528293 594626296
298419420 615878375
13801515 128767885
497603443 859854597
498209279 998816003
325976483 906492327
464788423 476962577
127542633 132612310
50884538 540438516
868055759 999698901
87518569 157641823
230062778 386958442
166366019 843502997
11717236 756443993
88916678 311455945
703864375 786633107
446677823 807780268
163722408 889704917
37237759 648289973
543082234 858824238
422235736 840464612
158580531 545531545
139623660 962621591
753776228 923371826
197720766 529193518
273319593 894443257
546078275 655439938
410700152 554374432
244157605 711374093
192884239 729840315
455120476 747368688
353542015 441414148
419755919 617400841
269122601 896586312
208193081 366783581
137532097 779302743
689881886 832102486
191732856 538011560
327654525 369536302
75794847 201731258
374281898 754648027
14723492 997981495
101756124 791115819
471709580 816353541
160449218 883168573
18988046 87104584
93422917 522537022
233385892 627881528
2631473 741829965
14183002 639921380
121786703 428579953
204213886 924885861
264430717 419393931
623690081 840829964
69066013 433293654
190645911 770781527
298309896 706422312
644609399 968351289
387677445 994067519
678710212 720187581
187788939 302709717
50225353 888998851
623164549 899019130
772504361 945829555
25871531 740843615
42439764 932280210
170972117 260124456
471830398 924486323
53189895 905108647
182076035 645590056
219371588 316712053
104384365 339809357
14502353 186779296
656643014 677895104
474521316 495912322
354393456 648474782
81469525 530532285
170565706 635265400
662905763 852830714
146179390 506147731
594152001 810722471
376139905 553891698
732593737 882553151
242790881 928413563
171108430 325240258
291673431 820119364
14653719 406765063
533206504 862773211
115608096 521447585
361827479 982822541
112154974 952563082
554002702 667905574
108877281 334260377
316412581 399177499
321122521 491158940
298097110 936437408
76823620 571910661
17493698 843648311
122767456 377193271
288918505 528554314
32618377 304253939
434476254 815749174
513230026 782327307
123606965 310203078
258279694 503356284
396719589 968799590
469547464 754884533
206347466 679854882
377054997 923563110
43222378 119084313
597902643 720694973
177840823 601051412
117675430 599715811
454413866 780905800
8867391 943890428
181091709 755589325
87804773 380856120
110880114 897088413
183691920 361853040
112471161 595943309
1387006 488260689
276199215 884309587
281662462 329369908
433700475 656766283
39015917 116383718
406264807 694961269
22387865 306776651
8119584 914403172
24191620 673419335
409233792 440522751
292691930 588958949
180302992 374309545
121473863 139980814
615808532 816969328
112075088 648921164
323792535 665856023
448242685 904382193
525232298 936333553
217310428 846356995
122530609 209290065
433933447 447285332
38677172 225544294
89364645 434688376
271052631 703619863
383439221 611974979
16108785 430291404
343561197 938207958
375291068 623728607
64203312 559083757
177893812 744886362
189766466 249003060
332667337 460571864
775122742 806308879
784941571 840594328
324531083 665456095
582432159 957165157
113348643 491824178
116577172 599291483
152617834 381562715
417787658 909210982
409640380 989248231
199627644 955122098
182916097 399791488
35569790 370689334
301768399 751627327
678016656 986313075
563625526 761757720
485542331 551807410
531754136 632516505
227812093 260933277
482732477 744764271
493312766 505076325
449910518 839954629
86981498 426737542
697253713 781656301
111650835 190870607
678939399 820061984
24769856 525176794
168008855 238564364
304581939 314922396
308635082 326152297
463020504 811138614
492599296 751608433
283891837 973756616
52727615 507771063
174051828 292167150
232106000 250292194
255630757 949534334
306181905 388089784
439139640 643669394
349048828 528726651
734400246 747227009
822365411 877914575
506607221 888987010
754052805 822804784
768424719 897273517
312039458 600827340
91883220 135937782
67181740 555455549
211620052 403652496
663851401 953652500
149595553 258668370
356682437 707220555
530971066 978611996
37119022 387901847
339701654 447179435
523628058 593073275
718917037 774034433
598676141 623668750
261062940 461723604
420882263 816472950
43738620 615679623
31262034 123156112
27355661 164762830
350891151 972912289
98771888 556549925
109205766 140740989
651130518 833444535
215990441 623233647
428899544 872179513
381087652 419053521
98304379 439260145
596510995 748431088
363423721 732809466
456156864 659288151
672470695 923078537
45040819 625582346
467186542 686685403
205607179 215208399
493495698 770079222
441504628 555217772
1128591 250708774
661757885 672488841
548830562 992120464
434804553 787746166
159251051 817633498
129718124 510482004
344043736 507077801
298872868 974517488
331455484 481765405
435411231 894705194
570081388 577871016
273930331 644803100
64847656 684747135
612811986 677847358
462224593 901281562
83054282 320880449
102734145 901405320
612293976 984611856
50073184 246061778
280065613 678472635
9442349 465810281
449212721 602436426
109005214 891925138
150913508 303238506
812053310 821477280
837444256 911816417
404539679 702179569
710482923 756485029
138996221 592884581
360472167 430302156
36571886 51693604
147211847 322056553
926551968 975177903
111213781 679118131
11821751 780964862
758648646 956802736
549157941 787179775
680160420 958729232
22509536 775236236
629049791 892759291
740155781 802329211
108687147 127354980
80190138 916280965
511519039 664785583
118539829 158260522
637209723 812811094
392982516 801200397
392908783 989214957
575207354 895309785
218915329 642176095
555949806 560986613
326976643 469187475
583233179 738587154
587836576 770179343
878985664 901985758
51853974 932363342
476275226 834338545
639762306 721968730
574524972 638270861
542079271 955071880
27172325 97416748
199712366 971372104
603414714 628307735
245402483 359199299
169848610 346948152
546591055 981818967
122323933 472155517
180999835 888577434
622048299 903801879
83003299 521285805
397819589 428263717
1828294 229941122
384881794 503860144
480153892 824118968
250930049 957766427
156448639 187469083
226888778 338674576
278609930 681389772
3582595 640815479
772650769 919280477
480564174 598270939
636043565 935076228
339264127 356038133
265092947 741081971
89453239 554525905
253906769 990148612
200182436 951883261
222486377 732082117
522944374 931896632
121514850 417016757
348982160 966495306
190081154 721022306
650287940 887982144
12675627 126778490
288875070 968658690
20653889 742927694
537560717 701348059
110242238 850133121
700869995 893913431
129557902 312069385
346802542 456256666
326729809 553312273
30596032 749361131
209550382 682590548
497506352 893508913
88664061 902223115
736941734 840284853
226169361 585134836
63382477 121344520
394002980 499347686
171803064 877060702
26996264 741106986
663860749 860419331
495229747 610499118
164994352 828117798
108631841 881989018
579403923 963680175
603896671 805736149
223476015 628210901
412078656 891332416
385019495 924525652
116565925 341479717
370366488 639433717
745638505 783362661
410751406 926138238
737604181 897009845
820585322 992340977
375346733 981964503
18125894 501899080
64692967 384836991
111818374 719713741
52371036 304489019
319497119 818801919
125660016 864295865
265553444 777367931
204790789 710674803
619696523 743313535
108156786 713114427
245170707 564728237
73678070 233105051
652844868 861648772
527003384 987548690
552754434 980572646
570592402 920736932
718590164 974869661
731963982 818821235
127723972 601655395
92359747 161735902
409691371 625833811
294644795 951300599
602287469 843419140
59874782 980050276
519118099 603166565
230869323 258387455
202710076 336104387
454062406 470338674
317054041 556344345
518449487 788198772
576823355 790318645
754905542 956560063
837573793 876888853
242483674 778648246
580041743 871216480
264466652 360117961
129816176 793411899
169940553 446521410
330412629 380160952
45411991 691631353
644727204 679600256
616706333 900559367
391231487 674323809
260356364 854664258
284436975 483777764
387231248 521982053
144262638 531569123
782177068 912001777
179125418 593854979
625405836 831491374
179021274 733449682
226309913 440442030
41984542 921943774
76702790 378088699
396836111 968262334
157086378 523845902
16266949 458482217
189188535 416270780
195325623 940938348
327965875 610450725
28415297 889270962
629583859 807497925
500540152 815204438
385028250 487330126
672298989 833618000
508904516 577285518
423428372 831297816
5223396 154348796
499482549 858408270
156416149 369094748
441114664 844739710
322556507 883315680
610066926 824284691
7858139 643293154
40422589 200548343
650158954 776314619
484873953 552351268
540672457 891028650
707274998 722244857
858015430 971728495
492601449 798387369
110908700 208084443
130056528 749994685
504088998 545587953
653014030 850847851
456662012 690764345
792456675 793794333
201725743 323854598
31925872 40088758
330942460 360381923
267281787 575037420
189330739 647468697
419108388 476190629
562517113 921994042
1061215 635198544
138211599 381260289
329266181 664904223
158100373 421702226
585936614 988188747
640761694 816013356
860076763 916648954
186508009 416006994
74160486 587344338
119877307 183327874
141425056 653591099
63942363 193024888
420528882 863258800
703476263 953758357
776027381 914881111
22964870 583032535
318238297 365177396
270883607 809364780
340252078 814947193
770718683 975012547
633441124 735514571
61926261 73141342
592434084 983553897
657850948 723969326
92357163 437108345
368799134 739168893
128792089 311666807
353107211 559078422
21197987 357456702
568972762 748951897
372334274 889089200
904769795 953673040
173262669 313213296
652194727 873556334
505207875 947792922
183444464 626943175
24979445 677762122
169764728 671458132
125687882 220238159
315839737 564794434
141577225 190040004
111963316 607469609
572685442 846216104
94576456 746151126
469899876 945352877
1902815 617350189
386425020 620352453
317154902 966816097
214278326 886335166
621463897 710524110
128098808 286471526
633009152 831790249
298653413 864661473
161359328 467569858
348825537 846928254
867768593 902503001
191081960 451046817
27133656 675811768
329365263 359294351
704861920 761764130
283538064 985526739
228067022 891668825
246708755 888649867
13529136 450595359
879872314 989274284
171601999 626803429
413251482 441308944
191890310 986106314
301313047 738597788
488118960 628417850
247217653 869370122
39480180 419646331
52813135 816248153
419134633 899116124
221479259 478539926
20031344 61026274
770924419 985218864
306890639 453290536
355563784 659369464
115876846 797829355
539585020 857071226
148785239 755058754
414068747 658011496
268117638 398374721
222572461 921258397
668172455 986067151
283864597 738464254
645010898 993219838
328655558 561146656
227647970 860394489
80656954 833232849
923652447 935422061
137709065 930248423
54722828 714924897
35553226 207743854
38662062 453651993
50590117 455607664
344216654 569900645
588097828 722657651
37779594 206093879
82565240 799979694
773976920 947090243
168476076 171002892
740937455 780512622
648100770 745446305
466683986 517883144
82588835 396372436
350034067 686634179
353453224 842951780
333218 155898988
638207915 940778720
599018833 909664305
25330661 529213711
521345173 646193559
302111120 586393025
361262434 833512070
223404345 529887894
755189903 815921328
699204614 771024920
137832737 226536397
273526101 320425692
396941015 804409449
332695015 956123828
37328617 306558627
672121743 846414216
232543591 829389355
413488920 483290987
627555688 730803494
27947864 318712177
478245571 873242282
87041107 908704856
807555664 973708325
45480206 417325792
164163676 341708720
825794710 913072646
639052960 643931040
522581493 999262359
327847094 714474064
183856471 331213070
193618389 318236398
156700085 369584967
383612516 640629542
280117483 605691286
368345777 919065195
55996994 353546539
119270608 311160783
785854485 914664943
173378935 678890232
174616807 859620096
351540018 451072488
92953024 613363438
677959980 773361868
454911083 711438797
109705035 256094164
310388826 568711277
784914566 851363568
554641106 958963982
556097829 646582750
724872778 978362371
617483637 846045895
138672172 222034246
122499207 850982850
383638418 600753696
404197002 585087582
457988635 772672943
347660428 480054507
80507149 274510571
806220268 942747639
164112045 601230605
266229697 913678360
447691312 803189770
214817878 568112300
235186978 335916571
522324952 574707501
509430054 578811207
610824305 925055446
654535647 858990763
628848465 817020443
540908013 553437430
26697435 632488502
412205567 894669976
171238637 346008526
249589291 731661785
317361579 988670052
317063340 416808051
351978837 545698665
662018291 862211593
38233807 262703497
160763104 248789992
747442053 906281717
313739731 431045101
589903429 963973925
151802600 492686568
138486600 637617104
304368142 554262957
95163840 192164841
80898677 484067266
297446671 370215319
83696932 723473541
471708200 872927591
923978460 958890581
528977370 901347593
436315247 513566946
642999768 971407775
12851090 747623146
23953879 556605449
95417403 149811929
138344965 779451065
540049650 628894325
101430412 425629293
550997253 982631932
4286557 583796616
2788143 13587685
396743650 832314763
457143635 553244458
235555851 895405762
5725533 879836673
197664966 440404979
590890974 773599974
600358504 700666621
249657649 274400592
747492925 936531854
543287611 911933548
369101338 548177147
463664767 877489478
112700304 771949652
57504350 569328197
346576462 858855302
383983969 404011431
242249023 777113737
78579681 662445199
746048251 948011261
281450237 311597689
747319246 766046659
649059103 687984591
103001554 185587337
123373321 557932407
298899450 746167007
405719310 818442884
8347611 209376908
72502590 981685674
397154549 989452888
540020274 608915963
40794111 277429832
882071834 944593883
482431523 705025732
168781191 966876944
87425243 514705483
38573471 463175776
2230019 50253940
80856843 700264655
375071921 873542149
8454496 649161243
289171706 464293056
76819930 370156626
208032501 668535436
269621816 990128482
823623822 840906454
304075268 437780951
735582308 969793590
188796716 352552583
519216315 708506381
135106665 954621185
384942016 547975748
109102235 379394235
306832972 418102034
61673357 936844810
505187251 815944008
784896761 910565211
522508865 621939065
169102654 994309826
175667143 505226095
63326222 971016913
25659032 973867267
610607964 963696419
512512849 810971653
927999455 956085790
854754448 943974743
16317200 183199736
644322683 726664558
167066158 185404859
463685721 670256636
173401394 455797489
856476061 961950938
437681121 578980741
726369889 763348329
423654107 576768546
173959990 968374453
588992539 764515810
386209664 664015388
229118125 631820803
19962687 273814231
353195922 377665524
102338323 661126878
92921907 809065135
24694360 796312013
275295748 483645491
35720434 416526359
613473266 837993545
63098328 979560114
692908698 694053968
19467157 329809383
603709546 641283774
450968417 774825524
382179031 736386595
216070266 616751649
315726007 868178438
29154638 643537428
326078850 475516516
354694643 871640720
131189178 142420898
68242547 265804420
346997472 975525117
108639920 571679332
137628787 382268543
837725552 883833547
884238645 978396802
12922927 592429447
137831502 493999250
372908211 969714423
203226467 381488668
101488655 236616286
720649262 770029734
565085 564119038
513990525 583422220
728659672 892499314
313928873 880895728
431051889 829887346
38088018 433715151
452291197 537058698
538724515 572976322
144887766 191773963
272364918 832107735
339210181 833087002
214248521 825531069
360630307 453569111
613202515 692234112
233703686 713782548
479567318 840803670
77987836 895302589
204258614 265581785
582042224 605847472
416629335 803740119
644574187 667480040
22648149 860020671
444687788 763382011
896826741 911276387
29950058 910748511
736540640 954291757
119183522 708566822
733534911 976165655
369437707 417775910
156644688 484740319
286741456 456060679
3142445 234828607
241518517 318677657
581738954 840569633
360556289 666159126
715531 913613324
865083461 911506397
211232793 333261091
99958976 257048184
614011456 680948981
64964104 404147439
475929237 758245871
251893295 547904581
275127176 737632711
12729744 58187937
370816803 837080995
192743672 275205906
382650009 514398709
398596359 532880214
95602064 395943269
22451673 850385413
385358427 717081067
145244952 399087181
154290747 298450657
96321166 591393967
227878228 381483144
492805526 935604049
460420938 658384364
661269161 846242214
530832080 944502381
133035659 298069613
534977822 930574630
266376975 313746600
70804970 297700405
305210607 772353155
360751149 441798183
30014960 892692199
437488151 708959592
94257601 691146618
162211599 910480166
648151054 956482562
616613699 883663413
27414126 44833677
501569553 818586319
467510003 707723857
16497484 524559788
195400157 286986530
254246567 292772121
383113089 627340996
314622620 695198037
354698128 735799944
412598860 447504964
131381221 732904428
666538409 792345559
610338520 986457010
202075550 576360685
200008110 987743351
444723554 975232337
517711375 706952552
219085843 432443377
720116656 900896520
155374934 900015046
707998984 846701392
741452977 805231365
186733172 266776371
233949064 575528528
360286413 841245343
218576693 622011963
408515889 579632623
635331252 751440732
155589629 993059368
893229302 900921529
102715241 838408081
141418696 185474554
317441890 839296263
910286918 916411562
573012372 721977050
80104323 536335885
172664807 660381903
901276220 913575467
745164499 757708023
509928121 913495663
707678577 890192054
110311943 158728118
40309279 961445582
195619500 749254031
76500789 581335844
375000114 831486954
1000
157251266 322841667
484977194 782213332
618438813 861443080
834150263 884312836
312415047 589555068
55568132 998398702
31960323 597501222
644815691 681350121
854472925 962791740
270358772 840077573
711081748 939529316
239652912 700087766
63159784 994031257
252915517 426335280
851176537 929969006
772169795 999159935
122492331 536503996
8503874 770251983
75937426 185541710
144489259 523723731
76153377 590010264
676992723 683734908
449186526 633960341
284365341 813931842
380610082 423850209
937738334 959465344
184871138 963564693
266748120 858054986
876054164 961495999
356123182 831218139
378559264 873436870
91943601 510570367
35684033 362875489
281393660 579989546
319566232 837201036
692463441 998046205
80130436 205857734
264336936 271712352
502480242 884291354
113053606 181746915
743667536 928754930
403797327 886322958
10596737 653926581
96495105 973795151
430198664 888372915
98049621 251282959
739246279 995959862
530688617 855922215
421278055 485870976
195255961 900326821
307793705 876644349
65208154 729104764
184468652 429137714
48956843 719174204
52208145 338902353
538121199 947690422
839195785 883378660
25251038 641156191
405101946 982480547
116536547 406279628
514363501 989620398
242481626 902424062
159466778 497287832
75850765 313743634
687918100 876010973
209697547 733908041
260379885 723491685
577274629 902110212
216699714 461352368
491397444 957572685
61880360 851601299
412370527 946246009
789544935 950788813
501585316 843755217
204997702 348352570
193611510 786064194
331897730 875088940
235460053 236488633
552217802 700656159
250152865 965220738
270120327 994072552
259794938 438972488
370644683 871281452
446207798 556189661
373943174 617585484
288952626 397697084
49846804 742896062
20004887 269550573
384413339 734002701
392069688 656467948
58683655 387737059
791922410 834032843
464032139 910412717
81898377 192616928
833235828 919945089
39435308 992298443
181875084 303664822
632789631 927114630
458498176 966610164
170652547 234075979
407536233 638057301
252165621 988511249
170641820 687939823
369840857 870665534
792485584 981194858
334770624 623538075
39859494 254024209
564326624 685572620
405716266 626242521
103871901 879719386
499209746 854778141
52208510 513575615
307346362 658740335
730737945 959766734
559741864 564366191
545380004 887801144
97507842 252276641
38139525 159010238
471821152 890877446
6453893 671625348
289280564 942838496
753285792 864139359
881509400 883199931
95787766 296542673
491194280 965024272
248219514 975903271
757357246 883101239
175226075 692055095
27800608 730996829
102469702 317167871
312857532 555637003
291571277 396229031
728636787 796809705
872097278 885187953
61183298 99862825
799191037 996655773
7783557 972479756
110728118 331539914
830219607 985756692
952362059 991716495
221199131 880465854
351371081 747974365
40969282 298177026
562560018 976787049
54771285 760287599
491367241 644437291
190786842 458765185
225541879 521538220
173574329 936495210
109611328 208722723
180508167 675553074
321979885 699865907
327609942 841126697
236132715 708003185
709591907 924691717
388220104 547288976
80194685 311720040
387241969 641713234
229355359 485602077
658344832 869526214
425772696 840370048
363794751 591946609
69937623 719954984
154647478 476056498
663074136 713143227
450739974 680254992
418994526 951968174
640818886 963968625
690109889 846665434
448246010 573731507
366051803 774958993
471275421 956697520
231336175 470234007
427532550 741168881
89615324 917460429
502275390 906863482
622416145 714954018
294535978 576109290
87965 590811956
465734398 850613045
302878671 591133867
811130867 923345428
104567551 934827526
233670044 387848008
627991637 868019049
432793334 879746522
292281476 677601290
164993691 537765839
153725517 953802326
363112242 504073026
765993575 801817421
651372763 654118042
236668432 841854331
346968482 982069866
790367621 991562347
503663772 630478068
60118213 358112452
3975612 842052474
758267398 821907699
390889106 614850998
34149675 546598931
783160315 942479243
734362643 820464739
248423416 650871888
448086567 884137522
419033036 442216954
529426221 710433752
195339106 227054356
603250457 989318706
67185588 134087440
473917305 693280313
626546798 628991481
777634830 823823131
222784649 806906595
362307481 399940141
258377821 981600641
53431852 471078695
102287283 756626027
557588444 860562167
152843631 322665831
30180474 744653382
423001755 607721790
795170758 819977813
490702568 964836408
105898082 545319527
735944159 756738710
404726911 532643305
341652044 909256560
562884783 660349052
308257457 376428539
283304 539559214
328852779 643883752
453715397 554705441
709055317 722502359
320556054 958410273
105651028 840610772
74035101 920952947
354327175 930939224
784975295 956563933
72558433 172869060
146125089 769157883
307960048 946078099
66358469 258899655
601980133 943758098
531244338 664179866
395819242 522456094
159211886 974009194
756690933 882425496
701105068 933760282
219198612 877698506
314828491 969653171
84437900 874698010
691038115 979210106
147100719 342073161
436878472 557133697
137878176 809403712
733410953 991450672
650847001 669924031
312184657 779877073
865567822 954145418
383667909 894176457
138824482 948878494
82136154 259861215
166892108 782746086
225889670 975050719
84809364 206579953
203585486 753777357
22104646 800390527
159247216 408453204
699712654 810798477
95054357 165211996
245797792 457145200
30240175 657343246
295766784 342790686
5170406 477996113
159217821 832811646
358459230 573604547
226743081 278996499
740095562 814098205
419338432 734091004
345972491 412346646
60328228 857423628
317157966 427278416
167988137 707240082
371046657 405615331
365605083 442877448
506318408 612749117
66044245 549011980
878016247 935557431
27463240 154233640
169436159 688547599
32496467 992093507
71666435 577868738
400714833 668867985
362887491 790740457
620316772 623174736
211664101 429959594
153757673 548096316
803258618 894586777
405510492 856375353
698184258 701851758
95531814 755070221
497013706 930485482
242313642 514497390
259204437 475412965
183882792 364804863
364612118 676905424
733103509 852537292
120157871 925489119
119647466 830377170
150778035 207646938
671757624 987650669
125653174 535580141
120697875 564311027
421496089 640859004
304682447 324585919
604357316 804959185
671278885 846238857
576580684 723945126
632853802 693423744
404239454 709222314
405401560 737887824
72038405 984741549
371881098 736466211
625873607 881045382
261818409 769388039
138790207 623422114
723587238 919686990
662314910 989311665
144820647 415079078
335677079 835180086
370548372 907075901
525005777 770596143
588857837 999343157
940366024 985846615
79032301 361877681
860628935 971278440
38432285 720400006
17667368 470584279
55292988 376486300
209947076 623133988
67930793 781409784
131209577 891922320
585572759 659743818
205058460 546039680
411952426 637124267
496251165 659981074
31750785 590688981
325905626 451637053
83495007 495069697
245521638 822606403
613867163 864655861
183347435 516869392
569471046 611716689
321550042 410985898
123664772 697591564
448148178 696197060
404645043 814087313
303568676 476977577
338169063 913495578
598698184 612376133
874185228 965992849
657657138 899959147
510263523 648251004
1262768 878285044
184401074 208999939
213169869 944108113
250715271 504284406
231279080 391617233
386281845 742204627
493313316 842221629
96239938 310466820
303839559 308058943
172636584 510610673
103291825 933547472
581010988 740014676
566671899 740146130
529700330 622656336
138379487 982029997
373502115 393514384
43808009 522895313
364046402 923380873
181507081 397610555
179721159 220262108
286834945 525728656
53306280 320940759
47767631 992537609
803751076 855039934
799335092 875081863
132639422 702259555
100532081 611058973
348745338 591005224
382025789 831595227
774517281 857193062
78329122 291631735
388417825 843501905
268593244 431515201
61392212 801339695
759201778 914694167
175501553 778809920
538413681 538670590
128045767 279354208
185420055 200141467
149008890 861525581
143003310 445216132
81576826 352426651
273004050 391431530
150081813 457506386
590182442 976954948
189192501 577722793
777337831 856833360
787594465 963819628
471763443 974139432
177217943 847590710
373981339 604275568
329264403 777538603
489737910 849612037
147053989 668910015
33796238 611123360
502835715 894723288
459482364 745035707
295078120 425507415
637002077 704830342
279420437 728860146
689043541 815351886
220091196 768145579
97049564 224918447
839201304 955642018
532991085 849930013
228536738 737785987
171926517 492674414
23968461 158246332
319982600 554089554
77595185 400726931
26618305 346614986
505460903 690522694
600687263 830532942
262207087 357848889
160746287 797949486
349247254 976096228
418272236 675282646
338932718 876183289
470554341 579911200
219695182 779589660
295974734 549574386
8695576 324878900
2502288 676191888
374152560 935638120
208627978 450653575
74821982 207098067
674682965 887678488
189593846 709299776
624681866 995476586
182522488 794890015
24919780 49187517
506457765 593258134
24906092 359751359
196925765 654112307
567286124 746462438
58323521 104438367
417731310 621891713
147439548 174488811
555881703 674101570
42808504 840060887
171113523 505971831
387208982 661785182
163750382 567724731
523025358 864499672
469886977 890210584
289703480 885371296
542724091 664076903
9278861 109249304
117222257 970516415
7450802 276832134
440440239 562235494
105339598 645555759
628756850 769219023
114765182 823575815
300024763 906831836
78461330 161853711
215096186 575500346
678083275 912627874
445491568 826422993
336980253 691905843
830635912 972104227
540603130 773262269
864070080 977158545
278101379 674567333
813079602 946487426
148176433 269005565
189671954 296874046
321907381 377561447
455837260 866341537
876307513 920055115
55426694 296332507
279636530 725022002
569946841 990527654
19440625 528829065
213557176 456062197
320547130 532433967
596090460 664123482
221118369 513136100
483691483 546601703
105522136 792737370
288818672 811568919
367464399 690095445
312808805 380512440
732372530 989553498
723975235 868205000
7128312 715902188
661659569 810682594
385925157 846446914
196050600 751874311
609419069 957430095
121276569 664500542
541089671 896957518
171356163 223690640
13931808 427462789
254023859 603116435
258157403 956168639
685252898 920600177
291090150 540238106
11351260 958192702
411270803 952461319
74558164 351566349
175263248 579295428
516476551 703233224
914541 767645334
745039375 888226825
265651417 951810708
15571298 935869983
11205677 110314648
34783208 381802872
177873850 300926922
683330384 898779009
2589389 558706291
553537518 789891802
66186017 401916278
493831730 576010428
194935583 521535516
46869998 800859758
225922713 512512484
599264564 711794946
700624698 840279608
686354593 838748912
255397866 877317218
465167885 551289426
35178258 541586177
48013484 601261480
43271790 304156620
307799891 450004505
141523225 862565885
294625986 965737280
161164858 622221956
604831343 995630199
15764200 996366533
119394636 545923207
29736564 613179657
194410984 303275599
698372379 742368337
177013843 216844285
308249541 462922502
122503007 174816693
191761830 213131432
252752098 864020038
888232871 925020123
32962614 700301474
26157686 266139542
238696848 239200610
801296720 909423614
384954105 809366231
571998698 985638573
21132702 814587386
21800619 691233110
245110605 461232600
833790354 979613322
247537211 991744553
895014893 911285371
465698059 699450305
49850720 916846664
6711317 88794834
35916231 844309918
551176544 725746077
380777667 920616164
177120083 901121629
116998485 135665461
699598554 769978693
119157116 216502525
406966700 485596491
326364998 402763797
661409135 836466496
434176683 995991367
523369449 664776455
309547685 571205276
376593351 420919908
57842219 943971255
168816402 522634277
34698117 711043850
715733144 843679590
636272262 786545237
159548714 603534642
802076750 992819686
342126804 752182423
124209920 133491527
143754588 739586361
332715495 479335824
233749594 681099343
558807242 913079493
198021845 392484203
312201623 540971622
184087183 680347119
338881373 727279387
238847855 634732422
159243299 620232127
455931567 571791475
163722816 257550899
685039405 725860252
405493364 932226669
298781325 599170067
157204275 511387030
359364513 929046722
742726801 852592845
20781827 416151267
85930411 125075017
117404628 232854132
747823983 949331629
14436037 325045876
69854913 192831475
383048404 919057002
19357359 365624233
115791193 307388852
832170000 978069670
81506181 463332824
639324661 660646816
483062486 915686576
714413626 729846177
484344758 549123404
89359864 430702156
596227535 677668891
452849457 557983271
14101607 677417760
442175897 556200219
785202148 826136089
708243544 998359321
282048787 822799803
144000037 458715103
733156332 886798487
291737923 334230884
380597097 507233054
493614075 981939719
111647674 840283931
139807423 327676522
305296239 545933330
500290833 607943253
770562292 852029919
614402994 982172680
73182390 191080054
30768135 402796143
221125512 544655480
416204290 503292137
324893226 864731314
213454127 403722724
394381050 894454085
703322634 989141869
214068227 890290525
290420064 325129848
621247033 649244396
651688012 855465677
24057470 343945521
491414810 671370178
350612947 356708461
343994408 545895211
197813983 901199553
782029356 805563925
306964576 922565592
630644970 954165411
802525159 899166676
141399568 185005534
854809817 914205754
841131712 956575485
440177253 480329411
6844909 753231918
623738375 741070424
299840769 890113934
43911395 586732992
226000531 740624777
384376248 528220661
344352937 958782931
15380202 457612488
733300514 877713050
124029343 942829196
532691028 707881837
637578959 718029661
792166095 928859934
214931614 549396980
650666780 822970560
66932590 335146832
221695478 511882042
655042254 814162601
48571212 839170670
15097392 401048923
191462888 537725547
391557782 598637317
467059191 764348293
423110946 512507651
6621516 629674701
104421456 256556685
680405897 895464673
54322825 703413555
150735636 303829292
338853053 635151226
283472594 863336491
85834240 894133216
208108200 818892411
448173914 713474380
814236940 821068650
490978554 900764321
512926069 978829004
765618892 976400619
773107633 901349955
580177517 626807314
94085668 804911237
87434096 600559147
284062028 718893238
129789716 701476154
761724419 952787799
378945003 706927119
105759780 758119859
466156463 770306333
215852436 356014962
45901212 564265126
678428590 953066772
712906354 955650906
682891455 966425751
573668509 718558148
68157708 76424768
234114521 620484398
5182470 910131981
546741589 550390967
524059504 929368652
769403792 891243589
597690864 728507269
265719178 338856538
8700397 650752605
62256817 283214847
239298110 742902693
322988016 381605471
586863254 593180023
403578314 587736883
406382168 811909456
239339487 378533247
759854257 887515128
228676470 618833153
546099409 911469680
159605105 403347415
49269061 70939462
433573217 796131150
258404872 834273614
228090792 682656649
677971060 856466556
227749998 372385566
180216259 851140322
690118013 822151354
56649975 866237097
81451084 901578107
21665199 620899357
145609745 313965406
813929728 882708981
412961229 959328481
917807199 969613258
304915655 665354121
905747487 922452198
39683111 870647113
299208344 402388338
696968512 746637549
613496733 782217574
95846047 995782696
83118640 714655932
314573483 862472865
295213095 351187172
11240539 471034826
96319256 991350936
15586079 917697581
705976161 757926348
57864749 563138807
24003042 216968248
253189846 936617315
732270989 838774083
206429390 660974698
6286634 422904710
81608741 419207282
29414993 412565266
343168526 405743079
290974188 566489162
635723583 643008310
202873696 740432143
654856508 706969453
245587594 387157728
303124222 672092932
778388457 937793626
304898297 431496170
205805838 974042416
782263038 792373158
570072307 821837105
34937833 249409531
103938631 373378185
556725278 713928501
34431188 628036832
38974789 614978353
364288761 546407369
565150270 953667513
563813168 667092183
235078312 484463202
435241636 935606753
66152557 485546417
353045791 395285260
274116658 791419861
710539222 809684597
11995916 972035244
476235171 821671150
64132028 362867895
273217756 816425965
482434364 583846890
268084012 580527870
117816501 769501178
255459822 720831525
563601553 846762085
34631158 335392098
156011806 177179890
194239262 343230255
96819187 851462426
625181853 874579817
195279678 274343657
231651489 389222811
386210701 422352113
67268355 739578427
121447766 313197846
400461994 519704022
605938638 738264958
24295313 543795627
75375789 705869491
37521787 123450643
108005174 286004852
633361832 718162302
430102181 744875824
358564517 584096375
78124507 735422454
340983861 838334400
626465996 911806696
380911328 478091331
249683733 738169050
517060192 769974098
551378873 764653747
105514624 888651390
568859974 722696281
245315245 381867194
278446004 926899121
225091012 787695442
244720611 693911251
29382937 275060213
119160973 834597102
76146375 709274378
323861114 419337002
471078864 713713347
302393390 575063342
602803214 736425305
270449363 446931376
23361759 985941192
681703415 742893283
245327675 374357123
490120878 518135988
118241900 419454270
238129145 425543705
209964105 884980956
135806755 588296500
23530259 319897543
131012469 572274455
57501625 456996555
609933421 854605470
22558573 888796881
213791254 703282639
106545369 613254769
731968674 949275698
5427542 987886263
21785034 98075532
479215191 521018732
634700028 788065530
94787905 139161847
245897635 944599443
228299296 634756564
289140613 393084443
331503563 537531289
451133984 679969260
253671341 311669554
316333905 589370951
475519742 616010296
26739952 326206485
89840378 394459838
173399152 908686360
530500061 903847533
272702768 331579956
75301415 242361741
630927536 769028967
266505551 311799324
111862885 271383844
235484886 444587930
632850808 843752898
372182837 374345607
172071453 769934120
246138522 449640899
662391013 941023234
465259454 876216962
666886788 696255926
338787365 720911207
565915690 833037588
277191821 732759432
622757619 785663926
90714898 361682370
376425681 506932174
57058972 755989350
298848784 785574883
111698882 214196452
844454080 888692030
91461953 122361772
359782584 805973821
388243076 858559624
542526038 872010434
475307392 844220856
197104809 593337128
385842796 745106325
211055051 441502914
795144947 836103561
577865594 839895997
44164617 657291450
190635600 325015327
364521205 521928396
173098539 715682811
726036226 764041874
259427163 975139893
41293872 655992809
529022948 991968486
514517990 908704467
256509691 912146125
2635413 977069919
404305583 707676363
751912456 885977641
184553720 970366499
104352459 505834197
32024157 127430707
146737610 385339844
145847524 532961152
19792360 667873144
591479387 926203154
41490913 686532906
154745666 670578067
280776098 330992514
831860400 898050500
326783191 425048828
281347704 532395412
297833051 777994565
792144773 908060930
804004573 910498285
282193083 802039793
20208157 126631622
771641720 919061692
259221033 372377747
403807508 797447758
46624101 814765484
651418618 798999005
49121887 298718531
109458749 580738134
165531728 531112778
638425177 899070339
261265656 652788067
16079394 966274166
291317811 306282253
96111161 941862655
55674605 67044770
114554285 548089401
92764239 562914079
645058518 701051381
575246385 965134723
252964896 535303174
476706455 533375422
661416344 852902552
95582443 695800052
8844877 979094430
525413307 836198928
178963194 703321974
304990811 757555527
50677757 725900315
473369969 754343210
647262433 788825142
122791370 722326760
651099971 906299496
45308421 439866509
67056736 516928661
323301181 662718767
57795722 387915741
201858863 777326721
1000
107197567 119101214
297645180 598659439
134732273 723830359
589452543 624334636
274505386 427075942
213832924 861081119
202696391 534378519
2261856 780967107
888492052 941447884
217161194 723799501
88195681 799361482
388298780 721227633
335545521 650281437
74121150 536351788
51112798 396608643
112051078 542908875
25701692 481278070
298332 637482891
744208870 807603294
184905728 726204170
559985574 617359626
670705040 817022787
96834544 691615908
133861275 161741867
783171515 958851216
379670559 443292701
160679585 919234011
543552860 774299559
55222577 584100507
617822369 686970563
57133966 256043168
780033858 896656605
119041496 612197129
5137866 76645880
208745945 506019304
66893463 757357478
341095228 771290549
74385127 123732367
554508869 783796694
50269707 241899163
96646096 381244923
77484638 914333664
37575400 935609400
473170070 577840227
365231280 416678301
321247564 929473653
363653178 683423728
735080977 813182247
418879307 642108528
553042295 606757064
307615235 911001199
147562678 314841772
300524919 950154397
587678 639307923
392569237 644335910
550979205 716824928
376343945 995632637
320647081 963010446
665870539 695327969
453634576 528468202
113471040 343168351
239045676 712821284
65810476 211608964
170768905 368606629
10897989 530691942
601728378 802617375
112425432 337621155
32969214 210022673
416009789 642289279
330157293 757724157
825060452 863343287
311656325 943903546
504367234 628599020
336132905 625666882
256270433 540980074
88040648 480007282
627930423 640519646
212549258 731063704
566010195 682649407
61493878 127583191
84745371 811817056
383643428 776486066
117619633 481585480
789686073 835500028
618858820 784143082
919541425 973918769
48880915 281803197
247789151 705514608
558851953 738322947
761265067 909588928
256343784 702324090
655511898 937212457
234416261 647809208
77422791 637437322
76940872 485591991
34372720 222394675
626555744 653844809
346529175 810953534
167565433 545903445
747200435 912735571
786802170 835601169
116844034 646623005
328585893 801050764
184293128 922453162
525125974 781247232
222350038 314281282
717890933 806230228
405438249 916397894
322349351 542763465
899175595 902477147
160115533 608681503
286033687 407488361
411415398 735859569
167464105 344871081
197273327 237677224
615288534 646061821
881939077 960223209
263126879 878308006
171054052 726769011
820379113 838130716
568262600 950303582
110311058 367415526
602733090 930043812
489552413 933850970
148864652 332840648
278255651 712054551
221574398 224450760
580602191 930607823
345269275 866624058
626380821 860903496
243487971 661740633
46001013 885016636
655397507 740340858
26358897 835524760
619747663 701588283
78182970 235819486
2034848 470299024
696618391 886742803
213886736 790032948
383588637 959907600
324387535 928181023
111230935 681418779
315438872 736142964
119957611 858585239
760068544 974358531
639600113 647382337
769699299 770038075
361858225 950967107
240085294 968228697
504884184 707123877
10462735 939589060
370107565 379798910
565656699 674639836
108678004 268850732
468386403 940539646
129743018 898347084
65193456 996148007
405351178 552076727
240470453 951932489
391987197 900517970
219895096 543601305
9161239 60580529
3799482 484060921
584175542 890587578
81913351 498565285
388932141 607484879
174360066 487198692
588555654 991601860
439001494 595804992
85182465 865073479
764445378 893903822
105093883 627150936
317306538 506764666
26941249 766964449
208670170 303435648
303330738 949232008
248523691 857355992
247745726 673462605
309343320 671795212
442203213 810992585
112723358 984966596
663106070 906169054
378878642 923278914
113187687 539823907
567598883 718884479
174379171 320360349
510570571 968989890
280798544 432130745
98358838 813959877
313629471 794013985
204957807 972414559
572244016 882144801
44296869 691347941
585704614 621877172
168446764 438827452
139089875 225291510
104897654 240398238
375558355 634158250
61246640 777812114
670171350 753822340
314749796 520182492
70316630 221072309
143128161 951611078
252252510 960179750
315698689 527358278
172358843 513006667
101546984 199041473
752549232 975967867
523166969 889614423
254780368 656531573
124938742 167307875
817510036 827729485
13611733 927477615
108466892 470389208
162271998 994406315
164279091 186298418
294181191 687514507
435662192 488738895
41068237 498125381
242821293 298527908
322780459 450199615
724411983 798852218
248120922 656666642
363022361 993079259
73372229 421136241
566042615 676596897
291620738 436195325
734786817 894871641
80470971 720949727
232279031 699725372
595676454 757758485
296606168 780221932
240785068 328124753
236547512 930794313
174200315 744600143
706659068 932721296
95018382 632562292
291259378 338395747
606863865 725850121
631084124 915630414
320896758 338852447
138076938 515094847
121024326 382253955
63680989 551430279
300205973 650107124
57415742 850854064
83906848 813287326
11618425 374802652
618984853 765474952
747851639 782090216
268945052 352852421
407310369 983848475
677885937 982452145
113262593 926724907
545530212 592595567
391461323 880795214
292693787 664297567
254837334 726401575
391098278 723226168
264082838 801607369
193404917 403253413
545586460 848396465
16854395 269706853
349880569 773767684
553375771 981729164
325639198 826776465
696069928 815478143
427101147 850893004
608449026 616370332
304168607 938381764
83580002 924607268
115495006 186153851
105029940 145435759
184670815 380306293
10443753 393150121
426620292 986294402
52894243 913508141
609602775 668118282
302117543 451745013
39194681 551375680
488080472 580652344
131939596 736514370
424531584 441946806
823045779 879355779
724324026 775778154
440327183 547677410
122637345 754239180
862893970 940084359
556596693 669438002
295618641 647962179
725919109 765111920
31185070 805031961
261746329 490838197
165147376 412726848
185528466 913311258
242375943 620083196
437942388 457383060
214915019 436374723
205710446 465120307
675056778 727565864
292432443 841711381
805902061 937218022
410445112 421197762
308856613 650039518
67425610 897691235
81805642 939111450
260748439 530448143
799534558 899018641
609038208 859430558
16000978 566220896
261994438 804144036
733792950 780743666
380974257 978328221
304577199 829374701
39718835 644248010
595807354 982768859
325497638 776520245
106681476 565432307
649238441 870844612
206331394 912426546
757344045 923917777
584315920 957827250
71368434 188942062
187528756 695943060
586722082 895378731
423418230 545739952
523317891 878623564
599549929 780341813
129334158 696000201
406720330 841303338
240172238 374948213
901953847 944485747
852817424 893596146
117053666 743290185
318216833 787570925
281917496 622683582
751759308 941712777
744697499 827151694
170829895 532898615
49136926 769065919
1419788 591707348
679776607 838232462
170978282 723788259
23106823 840831663
586900470 899938750
228480690 230497581
147278327 531463541
284093857 758841477
55540270 865221456
79855095 956470792
506257155 782284412
437404630 802084974
86786833 88841225
262665175 580585695
311245701 845156292
87093264 96735666
88527174 938957089
266825825 535651747
557747843 628857053
237400947 729319753
89664568 911223435
124732684 542182207
144774077 188726823
128342760 479884907
197313400 715552329
592656641 934420180
231558947 710123267
935878171 998409214
368919286 798095122
108481642 252109310
289775671 573783757
40932610 46428755
89525540 826665866
320930342 595611932
922167316 968529430
593586325 843973038
197442163 671890691
654703194 873258410
65794122 148822442
26294588 520409346
341579691 859452816
471522092 866370691
6608987 669681819
96175219 449716372
691252323 759077188
195094596 820709580
521164817 911411795
350502446 758556992
429842963 694052916
7683052 346248272
540843959 672480796
435554398 765290071
220942944 642271252
8678202 231879306
41596630 397827960
499675067 738202332
53636489 698369478
400427941 872450650
593123477 910561538
316775631 681661565
63083444 692416850
397888857 496277070
60171391 388775934
621828299 679289084
67369206 937000349
738916504 814700327
823609874 894140972
510613287 723076763
61147275 508751779
335138728 813715945
168163141 370171258
72965470 814632470
4551846 243587794
835582753 893311585
170898162 686943902
81456592 291056157
576258661 874921957
13570251 228673513
229338432 332541886
28072274 211789317
500394541 952044207
396276603 682681771
144174124 802528292
377976230 874113506
530824230 577313546
183332154 334657803
462320107 769772369
581858771 867409120
84171132 292383114
424591932 431166214
367704613 413053286
592740738 673969869
686057116 758098086
423083588 563760396
465645096 936515617
354882791 763703204
685302101 688147526
110577883 247971680
360615817 504733068
504459646 644941664
402508690 972765244
54808203 122575898
110133122 710038521
390681297 714659891
319705467 358432817
509818273 525716898
259434818 576244496
294875163 724076049
680904681 855759111
809997349 907936144
412351450 738186916
386020379 841766990
480859009 805777136
100064953 794919559
373548288 756472169
590734765 853270060
534985839 819792119
205772621 639196962
686854713 705301441
727049489 742485862
325106239 685310615
164606277 504908930
745465725 974690104
201655617 558237223
565327970 623162940
126967855 316285538
861486025 874365313
288004405 337454429
851178622 971866893
215215880 639133337
674017029 931498954
688591308 751743720
252931959 960555972
70183752 961153167
41854644 434617729
157406693 946008882
348478491 502615557
800702315 992860442
665240131 933270915
569465165 888902086
344892723 393953688
141859502 184296236
160927173 649010169
81684499 922400116
658395112 933039390
342844082 662868455
25223732 165157085
178134026 232665848
376942701 409909264
224118558 822494172
822000872 850555175
523859910 612753136
431484483 762002698
663971410 832273153
727338025 839451618
12909569 440303445
59527421 871683432
414509904 825198569
440272140 685731103
206550283 348152484
361531497 518519659
342513589 705471576
285870352 790728486
300230668 959143955
171753874 874308629
48542486 645312988
220657388 458613518
64467530 88039333
94712478 841205721
101808103 563988794
239357040 750357841
33260084 389580806
818429834 891618029
301558873 556187757
498262592 595660581
246783591 318539382
584180611 785674372
182209833 944599298
204282115 370343282
534852617 622435291
528359069 928598870
392533337 635271492
124501818 599325740
389675934 577816581
487805214 742494755
202186479 964333836
245168157 778396390
745006520 992195769
643855896 669078644
376715132 481396673
311424993 614387340
387180039 453152262
111427384 676701320
6933893 14242692
313907932 700626288
22250768 722309218
42129283 906334541
815963982 872940067
103816828 156082174
299666018 310130888
459645352 666369513
526364688 929234239
84780906 314029129
124654492 671733941
303515652 791726874
150665722 626099458
693386030 819937857
555783030 760415422
358464617 638292252
289660519 747925762
532214905 979673416
14129907 290295916
73764689 201049940
156406757 530307083
536550786 537928455
322116577 848332098
248257519 423399338
629959879 984995452
120017078 876206435
394635136 399476310
79743842 806852797
220773670 657477068
194878069 939245819
89731649 589071081
42551878 849467630
338320436 658466606
288914574 707208332
628851134 823666075
374322557 857545720
672586651 712455966
697747940 883564650
551265807 942652263
320031492 559045073
224955247 606927796
368995399 976087357
34556956 954304989
264478185 761705617
256745658 864361352
171474375 665412833
452515068 908726823
110344873 469372743
758090990 820892044
468961783 874533077
524846045 670779261
208381102 858184374
298880219 338929091
93224895 858719556
173382716 424819107
324859974 622906577
270280503 863715179
618219133 626327116
67416738 198819522
167551794 353852759
91281730 856337502
243305423 449333661
197037571 969368262
273388756 313196592
55624247 267614767
577877838 872545852
152592899 869651396
271838597 519743943
266671917 943463962
362663033 563844660
260412910 961479986
204079516 401222205
515227650 930548209
125261137 476467526
425397375 721114690
540542012 554069143
389369606 554921282
23485678 728282398
507733163 681352664
244043944 610934181
253352043 874568135
55462783 848260324
906920292 942901604
110487770 120581676
598223491 771353098
61781103 820489018
848743636 911387682
164795479 849443766
508154499 600459628
824165952 953884661
340017594 613036489
22541433 938737227
59958372 364709089
115773410 182491073
2665080 226651173
254701098 775052824
493250050 706046099
550513295 745075028
263482157 820591912
807779874 930507899
320407895 801051432
571206568 893968506
242356634 995283397
869562175 939405398
28545817 862230635
286773972 661339616
233928284 786830474
58312975 492160513
37407307 988776372
472778914 816476458
6135459 408307062
77300974 539168762
139397808 643556075
61603300 237361040
748483607 766860128
283030555 520721138
554104600 635098808
537911974 940472936
420594379 515536454
348973261 554783290
207781796 732622112
216648384 433924470
476581637 932455304
286208013 928073957
220467246 462683449
637115497 684097729
131922915 875391933
494620720 844819651
787858677 821210625
136861410 869055783
53502647 79319211
496709942 932105515
84014480 547786042
685473916 907764921
109839046 531713691
642165444 998943531
800956872 995540027
253160631 995104744
88249625 425081796
101827004 425569130
199132705 457568754
511332 620123225
69272184 208797457
85594016 251016700
310623660 601775080
150527859 424177543
138936267 867898412
401833889 841006926
478421429 720501295
88798014 268150420
88301343 426219639
375729625 709709256
317137296 852384664
628202760 684128747
342287882 859732203
12818229 789360420
299442969 494240959
147232180 595053385
674872319 888926098
183031888 795030272
449429617 617433664
776570418 948439986
539504189 726899195
115890896 464236916
468881108 876728893
457605268 989225147
126215017 234790780
159285189 476283721
37732172 562388024
138278583 297388594
582746977 871473448
314875630 493176081
285455364 386033711
784646852 885468082
463526910 623175078
411000444 597903920
143975316 861576806
159962480 443377280
51573382 744487557
573303785 847524578
147928427 372649444
726853179 901172548
203553962 555367973
125808818 585112939
493881361 936965861
555760521 760628851
200385177 274920266
174106187 534267514
110247496 470975530
23037618 493094059
861624692 989635107
821950612 914042141
852356597 996741983
534239925 582931723
38965558 856141272
291851139 829532980
561804831 857696153
531493231 685002984
62318906 688664876
56899425 798814664
64579753 853001754
561216497 663836561
397003169 821184877
639311629 994776720
264480182 418157986
232008147 512872372
353666229 917664966
217615070 984865635
366243076 472984315
667595905 757362329
654909112 698834871
610382374 829758793
467848041 772581937
284364780 536363902
547492523 954213860
478798222 602181664
244544364 642955708
693034380 720293649
466443702 842902922
679059417 961846153
98076100 923622774
354062824 437585514
45187989 63388397
173554995 476064580
86347702 324670260
158782174 277635903
702114842 788571963
466260559 500388261
251476101 371714706
499138802 877660211
461552183 950432637
305145590 408749715
611987237 865018907
96369889 842246434
204923766 651368067
468130570 990178149
618281301 861479924
99008701 417776783
345757155 652609008
7804672 624323357
76735799 724093345
588396666 642558144
234349559 953206558
368579908 708147093
295212680 354517278
300772568 517035287
352601771 389564940
399187678 518739263
54023518 933327130
202597435 331850385
715778008 953076604
726917702 945603561
112623609 637402620
60946966 891279711
519980612 702852413
290160368 618118730
200576116 561709423
454149896 640334198
117628143 673660725
74519727 791907184
558789974 813033465
274376894 608741118
452942817 858164620
376635409 945742801
111631300 631132449
608405697 856338247
397347112 923761678
604081878 724252850
89712650 708465921
650637645 718960903
65426348 807673257
71314127 559381386
103165491 328551604
54558090 598101683
528003059 950237687
530779184 987765917
367373349 894134183
149459001 602406416
38822223 235437689
434349622 840415923
70600871 103833787
437275933 668948909
306775938 571711754
474562263 707215132
562133569 598890184
118548267 150604151
286308967 559723757
75088335 502324999
696317469 702428232
584885653 904059288
773611368 945942966
529446609 726306347
154775426 772383258
700385248 943188375
13450371 846069443
729645393 958438295
756659910 837188565
577233645 693277422
175058662 768659595
221490650 995166467
142783193 238161658
617672120 791634632
271697690 491836625
7556440 167820960
147053644 606480049
773095558 900136546
205590403 719991943
303813184 709286577
707830253 907308919
1277649 854141694
62883540 631938871
148739855 877661664
86673612 391001035
240331029 787356392
217860912 328762760
478790136 793084501
2534708 912459397
255788617 601743658
43626199 746668985
4079826 866955122
161296634 801140046
862384663 912028608
640862340 949508673
804247398 847842701
799468876 854967179
204205454 524731358
102957567 963838185
79424810 666780227
570616243 864249759
976391 510994715
392632233 524338133
670699829 807529536
99456658 981831971
293088231 961756829
137176284 152693999
51020143 388264024
730583080 739323417
78960710 379907563
355007947 518107116
826831387 829568935
240245237 598384966
720879691 979697873
434138921 458307702
954512392 967686224
718589713 895065233
148284563 155650640
386040066 480360656
132989879 881213255
345704905 380235839
352023157 379766808
127649711 368807783
506346997 599208263
190294922 722502835
55175516 456375962
467078507 581733142
206728346 607950108
10386250 703756575
552136660 710144132
460882680 903404768
104094083 107160239
425038800 726365512
407244041 644991623
697599871 850893584
819302401 940889513
275405712 994277535
120140435 683561258
62333013 254247811
892274773 928031475
378731083 640347677
178183222 606722858
407704076 520487754
645359267 777277593
94878316 647624577
403739185 999612712
133246105 980619864
142819535 747639347
426964170 538622934
357509377 552894190
158155431 587632688
156895604 691188346
113415775 726531197
585054426 895930945
498470774 736489687
49990857 109124605
400527177 720152468
681196491 986170981
42710639 349904741
418950498 938357754
61160464 265124217
173538955 772371609
482165482 875578998
441068222 862570279
394510279 763321419
127148407 253743540
507108171 551852550
53834355 341493527
408390902 715461441
562586663 968471526
675037624 892575816
108668819 418415618
152790112 738587877
537905905 930430943
432530805 832145143
409918754 863899674
3346990 627070509
177268381 858104134
28886667 696531005
342334116 404607062
361121563 856728351
403999438 899122530
726335971 922760664
354624867 908725873
116724802 134410055
720655795 815519013
53551421 55728326
459642520 600827741
702500061 788888364
370656050 828846087
320258360 335363039
201307714 874238488
600989585 890520574
538059283 653063979
136951393 893252375
365546546 567477629
399590815 637896164
300341544 528846742
272560446 496042693
89663547 148102822
90205263 699040880
575960506 842939383
286696834 783629437
60507369 424171812
721217791 965118656
330847381 389386185
510527886 890472625
251096982 672261099
40962125 258426582
689400832 829031415
103835217 271057180
488852075 821542808
276548759 890874826
145077675 313300237
346006056 421599536
394957994 510297333
426357528 561953545
366480767 974757652
604562339 679494785
132313855 917212720
686018178 828587692
111191751 974505889
15549616 803745000
163923879 954305174
426576835 958130838
604794810 668414898
461092835 652403703
155376574 235730214
194496449 736501079
617930535 816651893
275214442 398997967
501425291 861295762
366732657 908377056
251745579 555547107
111576789 577330392
240474421 764981473
603230183 996347679
746632603 750897508
627157340 886825247
1000
586621286 690397071
230535436 916744906
288799997 886159581
11515910 229901118
348401560 919030900
556634390 935573253
281032490 343963315
304693625 627897519
197135677 234490074
283141229 624546404
121036816 290874587
606030822 692491030
201675506 643871219
423123387 749387999
275765065 817947243
662533409 952490329
573181838 711148160
17382381 748069433
276829486 626835623
628712690 900904150
212803255 972001721
151112795 479332879
289411942 656059323
589932608 861715853
170697899 956353261
386625077 428424555
228763799 413204655
70246409 926292733
46244442 899345799
345809353 983872030
397151690 783526081
219286154 871629024
682566710 868630974
213055823 551183440
722379958 957963536
183535132 906445175
483049254 574779967
194452561 751583102
286355911 721333226
158218437 955961706
494923142 804989890
348484839 830917363
400518239 565797079
36476370 752376692
121623915 696306557
450744520 788207308
381893481 909789090
707013150 790991864
543595488 688636467
293449564 750631150
736955387 858586008
245044877 675867015
467333265 623073531
349839071 389744753
786357351 854676095
311810 500912544
647527986 873802997
384514985 532062033
694171561 867064215
125007468 344939855
685110680 981600138
321318994 492715565
478462276 488750073
523150211 991614120
97896181 838735547
101844510 859338277
77443330 842796291
444842688 860760326
133601334 816590648
177637487 396358721
246114490 559421649
330663762 867725726
331734767 941796939
331595313 731448979
332170772 519491110
463084386 615072002
754319719 999510543
760272610 827630366
88773441 742258542
325913679 528569198
324674020 901517469
551711044 952464414
174486584 314132491
558118464 679502619
18738264 961994680
174716633 434454238
227674116 895367750
300238450 426708768
572171905 740041799
409324862 609694754
157379026 994700962
650169363 879386447
302128820 722554149
620408316 658899209
531796843 856438153
641203760 977583525
30511727 313169418
734040383 796486128
475664710 498552128
441484153 861449114
487503750 632831865
52575320 595827417
400934904 770974342
203430678 244599240
161643088 164447748
228131552 285118143
286345648 286565563
317313942 695126268
244451172 753791629
158249457 215582776
454918795 621584509
191140706 871066296
528392708 944488576
326354294 709657996
335069373 889021649
143260622 881709923
181962529 349841118
52263784 740295926
6101404 456047387
403526983 828841292
473122034 929887047
296520082 563327548
245396472 397481872
512984351 676649258
221385103 766349585
567499139 939036602
327648282 797249347
9100528 838807771
96811442 708767374
322585548 748494991
630784361 822518403
24510521 154185509
267166796 798631385
22368062 840885633
58383313 193103087
269534023 617772245
566306789 713476531
524029651 617449236
736398991 837973632
404187388 991192670
140429060 459081777
523392374 763219760
682823972 903250534
89555634 581950311
252306568 704479293
20152515 980203885
218639397 812762361
885901220 980762156
242067404 422628162
67190699 403585113
326786281 355988604
493401040 737542230
106143637 282582490
463385978 786990322
487259508 756650272
246013688 708890323
520246194 966813821
345173582 375185636
128112389 904229597
362329170 649671696
404718388 658022084
411610905 739065763
356321417 604563627
79051796 562221874
629986505 751651695
196163903 590835393
60438424 660429950
258419671 948010476
319004575 833908611
432180785 790604925
313514665 761495014
190224187 229629837
865842399 944165598
778098693 827304933
102080592 787333740
130383297 873897609
738682458 782163991
377730283 692141049
458493447 675937938
151193821 588705465
309733492 834241657
386306478 598547055
260401798 934523604
339051089 929461153
456945851 882173004
67357434 190273981
203127413 959085136
654259178 773047744
823631392 918224709
340966492 985659235
331119738 858325638
95473511 348261406
72287001 952186193
511873698 651225812
157425286 389576229
78168113 283250366
687477470 751771839
586303262 649947008
205651257 572174090
46661137 952699478
283905553 408517587
690970525 733422620
80036098 473363096
436387312 462225254
337020784 864138608
761471137 989661505
628656439 960456916
801109989 860217480
191064449 528297504
133057656 477521215
482178416 566600190
208858696 398535028
813517623 852726689
204043273 683472793
747090459 835030915
643456740 753767810
320437601 638298196
150729877 898677633
163015904 967333850
206332018 731351765
89320552 918904320
230374893 430838718
7505493 774519707
710665621 870031089
819054790 854665038
130364201 561856676
42480577 779270583
333092999 891930678
130141979 135225745
232545482 258036329
207374032 983412806
256382443 414508280
629111757 730700186
136476802 600506681
772713017 817194043
330440858 817915909
262674662 388280231
200278309 231757172
87371705 747231141
446438248 836196940
271358850 428302906
13762444 755948692
302413642 778886647
881900790 998202068
46677778 933832561
211077328 602219260
148045230 977877610
586265675 958940289
611687850 711783889
108292118 420125187
172615135 296522928
65930217 920287380
36540270 110049875
347481058 430235843
355795458 539380395
525364195 526043588
40009489 88298168
131569134 719334054
268794703 390820400
608074266 816803120
53894487 770179509
72958778 474589532
579673393 754447720
479774709 924441557
343946334 744234862
70690659 468671414
479364058 590197138
480355639 653098568
61431852 552758095
134916183 358617795
655460580 692882938
457207278 615017926
700473097 813738171
364298040 495625518
485429235 517473075
721290031 938485557
487199334 555976605
173109474 226289035
382997872 500184445
554606600 654281944
672128074 969943238
219434225 469797029
207531831 236541955
656734397 986009215
269903010 704953425
143867867 569168509
533773163 659476687
138229249 414848115
49965001 437726019
11690965 430486188
578378798 898978314
155119368 826108358
2917969 819788054
294632795 846955463
248049774 536443542
161775989 614094458
264904305 611834382
95212955 336095055
221433693 365150817
234392176 406370447
358147473 479097563
563353008 882577857
179159463 669821545
527002958 970141836
290496704 885759069
184034318 510480279
320185280 784702999
726840746 946379619
710567497 785501734
79046892 129398557
109593423 820313359
333900322 785029204
186991701 500435816
1117347 103236334
28024492 877950792
30244984 299384385
207123783 493193998
471605922 993537567
567142680 966246730
506949310 973393289
622992026 771137074
247860542 852726682
391743033 505449862
380818636 421441647
882850135 975561473
292357957 640107495
375336491 498913457
392318289 982687466
397445387 466029680
16730404 432669503
349958117 519632504
9382342 485152587
210271119 437738455
131384711 527472510
710271482 864644144
346336756 843536114
532160797 851062145
94217756 247707862
601003434 803410761
616619108 741664870
100541507 753855878
279931502 872692177
89607121 214730552
241158642 724715587
242442678 438464092
477867522 634537583
54996037 843054979
8119832 12010691
582583148 918303907
354061803 906745448
140422245 553159433
22604127 804651877
519439258 899093978
317220456 638745699
236167909 348916523
499336067 585947836
187534648 927065449
106445965 387380976
895245373 954049530
438250857 831327184
424081760 432489750
747930706 904169317
349246422 934786075
516366077 534829918
479350549 915713896
406744630 583634675
297930652 848840189
481026073 555403644
106450011 733566505
161298839 216892786
480429434 533227509
433903598 920677271
709741004 969596278
595428166 997388944
918614366 969743528
96028326 116802288
664591242 864823315
132736108 282090776
61116435 431801271
305844247 416070443
103478957 736599673
579042949 879906912
294696335 767389598
429732439 558870965
219201364 624044284
330577094 523497075
380516711 408591868
299254642 360792855
274338689 653882269
288646545 506257315
560312012 786836695
469635253 746939728
19135679 336448919
593066102 660727825
406872404 808946908
301411218 931479827
566613443 617331383
543562568 755224815
407931495 857172400
420458385 514580404
417599818 439238480
591871187 598307988
130123005 939939839
224519420 287317098
412308420 531257598
532544131 728735516
441039202 633392277
447525993 837094206
404936064 761685160
602744215 869973532
225811334 766456590
284333343 775155672
17609109 913208904
589539195 790673008
37237901 370468047
260450729 920631848
188258022 650115017
684784192 764717186
2318992 531770132
881431413 940050314
147495027 573571139
47665689 555132730
601574312 782460235
650232913 984389017
455941015 611595665
476904174 642042086
303773129 436392688
461006164 855131062
310942872 654820338
341507359 602497488
557769971 599909896
63204840 837288883
257080440 626184530
23094138 298719562
706571099 849410873
193310756 212927050
33004512 80705170
291683826 464221944
856389922 950884808
620806853 667744586
159903430 572033909
48476541 67562623
591521114 798136798
556500022 905824334
546642728 898817603
184286352 369321123
232024007 988140392
413743635 763938224
29358818 134423918
356605086 436202686
301712747 523938225
201943117 459639461
766968471 818187463
751208461 901779463
415287707 670841190
813313987 821965804
347772504 350338697
27903852 722221304
900358499 986329133
259266500 804468662
277809712 416704769
751253412 939160250
14183414 678189120
96013891 876529945
501110255 575348328
504188607 960087674
621434038 744653084
387733735 756104993
87426311 715835263
169972951 593911878
80759860 914256333
182034936 703943834
164081951 351969155
180270715 551099080
127595679 777931646
444951489 842727693
252842320 280852958
145192437 452771690
715079248 742633524
96035325 411525920
793913884 992409526
576198949 866488398
792745724 924350648
79895000 983449244
169947110 786942283
53646572 683063069
320802501 640204129
83706833 895384655
140972419 370079017
384910351 983493201
735315107 988651870
529116717 746116583
101134603 933273214
210145249 957445411
93324122 563155426
123615436 335986293
716979858 781741159
80494135 839006922
103349282 637448686
362119986 784337053
418076340 847685661
56222101 722436836
431039356 820655787
127056414 822526450
60436528 471044664
66677070 460885466
61695130 513249852
305673664 370003792
336648372 893017713
317339193 593266728
281704223 453707041
685772174 936943005
374286145 985295765
209886453 814737944
311144762 725983943
154037118 657117598
44085924 101183445
83047053 806693977
574660633 916530372
309578374 607864087
700640337 744871727
154429155 873640017
65224514 683239653
524536109 791813740
95990717 440649951
188102318 483642899
165993286 701384014
167274252 879463515
409959014 955128237
840253953 943126323
188449860 815073437
397685420 502332803
371440479 805071396
160116662 610892815
77128457 488517640
293683305 299053325
33649982 513299335
798054567 992154028
309506286 951337475
24342301 763810751
154229600 878742628
53532879 869457155
430930682 623963481
572017126 745003468
317359674 321638048
101167902 834066653
39154507 705802362
232454934 399090090
455612317 520421656
277447059 622678862
316292764 689501804
533634235 870377275
122802335 575327623
133108379 759468081
4171048 588122697
160923279 798249197
593610170 835453791
254543040 785921433
405512516 646099922
908181173 973402746
108163731 235431870
102540136 238018841
56541212 894662877
699137077 799438049
68938323 489750356
107678044 953324771
339546233 967555800
279563116 551563748
231450677 293602051
245092173 863949869
92479571 632376742
301681137 771037830
212722272 952886997
182578317 929010687
180053479 629765593
312143150 605497672
146744632 849989885
228431629 925655024
39055983 858262286
486558344 654119613
312088214 735009155
72347153 294453680
645010969 661267326
757089895 790212956
124879564 958963305
146817410 467287195
311410917 470418036
746744947 770609371
255166556 899847442
36271171 729405128
520076526 962623585
82182157 128089103
451161594 496419681
550380705 933214572
165866185 988698514
153159396 406996720
701636265 977790052
281439488 561621655
852861460 867800742
546466055 804683883
53370936 962047561
557193482 711185176
624148731 627865466
486013614 732650934
53751324 987521764
778288593 979261918
690627960 876201341
818456232 838466312
322066570 978291096
726827890 883455144
444708883 793738983
81556224 852631679
265053659 654889120
906529076 919847476
64223170 646428494
143767742 778656948
409157570 446292434
19171265 571489510
95313097 847228068
632867658 657725974
196579964 493560088
59534949 445122339
383251702 765472745
338089702 817881070
564720085 601319367
29897819 232647070
153007248 721078442
307893018 428102724
219820380 581352412
49031548 668060467
282232251 576762284
424474017 505762803
500143947 862714921
541337511 595075673
211915587 545758640
263051114 555024837
110395968 985597108
718260950 827414800
535818238 591155670
196369575 217467495
92585815 605920655
104823693 814811901
2418736 876396297
327671805 533304867
697800215 918996295
663931612 885550472
611409192 731812522
376978092 563122782
265512226 386079036
247611349 555755175
331267899 406937779
317753138 898789605
282994511 591875180
109653587 898957040
162255424 455807533
765535654 956680602
136975718 958489048
563686642 690285225
168908361 212471437
722906271 916240965
32218399 409975508
813894960 954150686
74905641 434760138
754842605 755506303
185833013 803555597
441064883 974590952
442902852 628467988
492773581 519028654
25264352 127859542
147445401 353360702
94370745 187146141
456717225 676033490
203485362 463854753
502094455 540146073
467033950 889443422
478861462 562282458
130991490 184207243
369606845 450551309
105154325 828000419
246652878 846092974
692015780 789829547
92982628 999695403
15721935 647740240
61635033 360180504
141763329 297888965
186722581 776810532
651151810 700805304
372760199 405863558
572347970 751011911
212185129 335710108
341265575 971617077
137101349 673930463
259315382 355500578
291985772 345518011
89232365 979882724
105969401 901493034
33693363 989766971
304284322 382758845
540228076 718271152
521351100 778613998
180429767 280152840
245571945 560559265
272864636 528891190
251883933 917626391
36649503 416387825
102010645 687901685
467864866 998318723
37937502 675204347
201669906 677524605
312188450 526694874
142220959 276602944
37637956 988202242
47388981 111723787
233237690 270635674
92668167 174322470
323369868 657604283
106470048 120308628
437434906 850123940
316019532 605563313
383894160 921155016
115468271 320822095
729626352 763056001
376576996 502735962
372974840 604381212
461826929 645444672
29521174 939953743
333061234 540704793
208311286 709646195
106443346 759032256
314880632 440088358
326062873 400303514
322357377 782668329
131809160 925432839
208367260 792413687
27111068 515161573
218198985 227525629
59942083 422919048
290048049 662104307
89605253 802158151
488984744 972330560
77799349 390933098
124139533 337503304
444026233 767426211
924681993 946065111
17510502 40512833
495871618 884391385
364818586 384871980
430905909 533649337
391498124 910502889
97325268 806452072
29300819 236902336
132591257 342845002
498249535 944656877
504967112 729393246
306923786 466561932
403143927 961091180
599537897 770670722
93233867 380084756
298824867 553546779
265060865 279407816
656890066 970529599
616192257 794464724
781531325 872170126
437090738 555938567
206905424 905499173
131990099 645427894
136013651 646839661
311430896 795773601
522062771 605438327
153151875 154021487
786530273 837637899
330080986 549938314
332350683 802726998
424378081 853205797
134241648 694548781
209849509 927068229
348824047 637580155
106367185 634402359
139011229 767960646
298017259 553982853
591159840 810769246
236718874 765823701
565349690 662197393
192168635 616702703
477936199 808392930
427408222 959851449
313553829 628443631
322592866 936129388
571763400 902232404
781688940 953559741
322999498 501139737
618797769 666043338
331557186 864052071
18544129 238811620
800991706 868425511
87138356 273357585
218489121 814739744
497250648 732340772
75218988 432202520
783461690 996944251
67475239 769361007
553481552 987096505
330479205 586482619
559162379 687057032
204442689 588892335
48288927 731622991
364953672 592143149
122452853 781087087
181214614 787687194
434918656 890363278
306727173 784202430
99623214 532690207
147325815 491000868
249232296 408548712
176094121 945767676
524625395 765445378
63911828 382898616
689878960 743843458
249881705 890034566
159010090 343618408
16531865 841354510
644316189 856162601
643874783 910084456
755757780 907574807
98269976 554952168
309517609 665239325
177396588 548725471
399431837 462346797
515061155 890797685
219435383 558217154
800500356 985208571
233569446 391817802
509366051 953062420
651387869 654837586
386297857 879414382
634585578 971522042
478405840 629909271
299702043 597764914
59410573 857910129
409777301 972204163
273876262 985025942
140111231 474820317
131978582 667722447
57597966 685785369
713554007 843426658
773300421 933967856
709347060 850683254
545995083 850459729
237669014 784262066
622953158 922762542
6923048 564186911
314606350 434217361
290491436 788717487
667795136 853857124
645097006 799990523
356024077 764389764
840054670 955358486
449852385 830552575
650040717 843877873
277597438 925774675
612843815 676868501
392615989 422355210
292176598 542313064
199521562 317820256
840551828 917425086
215401230 687874743
540894258 552328026
94457896 428801636
213226503 936959274
423688911 826982155
207160394 911196653
96535163 340120912
471696147 723989985
537049728 888627724
745382406 937263827
505608633 909815227
532393370 762231491
89813487 726988854
128507644 987461918
121492107 803430251
458888791 481176283
125687499 618386095
759640751 865390146
63864229 487787730
741789549 750160910
143266052 377337270
9085086 917201233
142273947 809334076
581596956 663772201
139334306 872317620
181635536 585890700
221519276 488053176
132122400 623313811
128604352 210590050
156045413 994481586
195311993 674933438
102840110 483697908
216250125 329712139
15394647 725628121
114098107 801377633
404984989 597093509
54479403 843163245
71349137 816935078
230877668 368680793
432243130 479077688
968594092 991037154
407599489 828066444
425988604 787969830
271132595 279246668
879604961 977661181
315321458 791854720
197811900 990339341
59528943 606484865
790260474 859207954
564544438 787169860
368504708 585949627
354383489 726565021
411434566 967414905
72833174 389354149
270413987 813857188
234548559 247990983
288407499 610124693
491753013 850671640
273355264 765671782
685894477 947445203
166027255 399760640
466895686 933353825
11139871 727620378
955852063 989935917
115127522 381611285
573334033 743287153
217504911 631755604
268539963 683895713
806228247 941463929
356616885 936139970
129772313 472566715
636042866 699014623
102319931 463102190
206809935 662635947
543100135 822125551
612734582 789420232
673299851 906002711
205962322 715778340
280958366 297613069
796322848 912044862
162426037 875134824
428987453 981029491
43212377 615740099
593809312 704839799
45743260 869835549
269140436 868534379
404909092 943734717
143643579 376092643
686136 369378475
194911849 760506603
656215942 705701148
11584946 370044650
650442593 871502694
398477740 617398656
507951122 575456340
89244037 689973010
298990332 763547430
2697921 875583092
622655915 959622318
341559010 357663506
503627747 574678615
111608908 167713324
517240721 904249069
413397367 811097007
307099688 896416598
106620232 565339208
55837734 325582965
743765191 794907702
230763672 601882984
162207417 217590364
415588247 888340188
8758523 927811479
13805927 667652804
98095939 709256424
138060422 897580357
9261027 41954951
31781426 695551954
480456937 949265189
763315472 879698310
546812351 809281032
7904429 968962407
428244333 529113879
156713766 615833744
307948153 484216118
38960092 363268363
109014828 999249000
121692337 792849432
813544398 965570586
580735051 854820219
244332571 908764629
572714063 859058839
502140008 836490321
99745202 725857151
362952281 893220301
703876419 868998307
1000
120390770 271698593
35808316 644826663
608640729 836269614
70816517 209612328
219825157 772040103
922578592 955261871
130685452 887919353
628781188 897677673
374168801 603433012
589354999 899656156
414735575 603490121
560311417 617989233
832797796 956523928
20389329 975405806
205846467 455114978
191774909 290516378
217830147 955731540
350999253 535044099
73949560 558768973
127281668 415343507
144534164 314346283
578134545 681599443
486877805 712881537
276117563 393217787
526765975 637766942
936852918 944640287
422806822 924763574
192751830 963259291
179379407 869153292
40164849 564883691
433508107 615290761
172331024 701421091
486889933 596934733
420032714 906320790
499497066 565301619
314393908 988789446
24769356 673359896
414453083 721475088
479701842 511764079
93892458 935499628
209700898 414571779
121529543 699280541
201388052 295623238
37386272 136724307
279573091 943597606
96657977 693679336
136276728 878127168
351966016 434878606
55934309 304794950
460031588 620520442
328423970 975891847
574826196 851442808
422726077 528094648
53457510 538987556
306161008 369717801
25349860 602253769
476516314 594839814
188722351 256523085
123532820 395043304
538314442 906955443
565622898 610614661
161123065 717658743
155955178 379436421
546407656 968623012
156944595 451370981
59604626 288491463
518624708 946831030
200554671 205282794
108276580 789070069
488435094 812632146
371012895 437777102
300277686 649085454
204989902 536825540
747083731 976995235
740841148 792298803
102524757 190986370
102994043 697180734
57516630 228078264
770843636 858938950
260222764 644081591
237318367 861636151
237359967 985775918
398878855 553306040
594646293 726492751
297342898 614116757
817568160 890534423
343712872 495648085
592110053 824608389
91659955 111579418
224772178 621061514
772875320 818836181
511009133 736325922
540077701 778100761
331509119 812328471
258785982 787556884
314596383 503199189
467184266 523924464
291272521 825872290
795041262 872171393
3441242 577026294
413111480 919791997
15310931 328995372
121939136 859124544
767334203 811591575
66702641 670463133
583695923 843310619
416304428 577788705
659641605 844097469
240320672 615960903
99850021 565594924
175790960 230713538
454014362 569476050
472206116 859046971
491122131 821009204
398856825 454739202
129149709 998723269
56439180 774360283
698394876 871199051
740833540 890749648
335916217 611756133
74955634 82853763
69656107 993172800
450369005 890446707
61503197 546873685
373448157 395022197
56760647 355989522
695892547 696552419
224799731 339710210
235123652 700213025
583161388 984759931
55075792 95632992
11326485 408242511
742815263 974885228
508059876 606653840
361848169 909751525
354888653 482639768
642669866 728067544
286270230 750674561
76104444 474052904
151763746 754547699
323349434 747546932
179697935 364786182
67976044 947783445
48879544 816790308
647591230 731943478
309691100 768398414
436594520 959097422
687521342 932799505
261413570 506057333
496816222 679068791
588393964 722804533
151413422 265276690
303666568 758377277
7547702 949340543
334690845 345544195
31609566 590063880
563074833 769380818
181862097 708759009
487072787 626848037
822160695 846023559
524497373 720559434
136767158 879814877
303850802 724466617
582716154 696404376
205621656 969912452
138490972 691358534
629190658 776431304
584085730 944821395
691530326 839650571
603341039 973997598
211897325 633300429
232714438 288067416
85019701 146429859
377039724 786908024
913509843 962389845
159804659 205939798
44328817 608568888
41493681 581813933
275877352 413864041
119609133 398475305
282447603 935104852
655801545 873060161
475927851 986842284
218904846 704078313
38266963 307869065
213838993 618584818
147594651 325868225
288336261 817207977
40408712 872810033
772481565 918388422
57169961 123367624
98422395 404342900
235494886 627136720
224982474 603997876
409928122 821496390
192786393 485292240
136866258 779843491
338428795 949768931
372990161 604755005
196897374 267166214
181194987 620263198
649560225 910237625
96605113 895928170
358249914 840501925
160831454 204993507
565311006 719366488
266842820 608306734
2798582 712922224
12818509 246529971
490676192 781307581
498048603 733992804
467043543 957987128
438245444 784920308
307183876 735797203
585304985 608912947
82336356 946820788
527274662 916867088
109222399 723861508
279111211 992855374
287125460 667480256
918526615 966467281
316538488 397741569
189269266 661275985
137087516 449878229
47489178 48215329
104344724 575389494
35628040 626744118
700013615 849220949
328749745 977090214
60519034 156302411
15944661 549023872
46335657 122969769
544825844 601187997
494373334 971978594
597211886 758133682
260322098 581653633
147045284 945723165
366342329 938891767
343436195 754822795
726066194 882442099
60331534 78355269
279410674 649434039
88677782 356668463
537935665 873636436
305641843 986709325
179198624 498199201
473508286 503110808
362262094 663932687
251497753 815573435
333674207 463397895
147892471 318590141
32742842 848282428
449616656 628626996
177170781 653835084
677789842 838014382
134830289 989986374
51295929 747560929
11211202 344227113
154180059 238994273
730342656 797183202
555419758 955574704
174721705 958182046
66647791 908728673
18286022 84417654
605953189 785383843
5680383 583904137
42396955 649300118
484532740 644571886
14712554 161847852
584952564 871592880
274301476 999736443
217478446 234660952
440849289 488663424
41858719 386089194
592331543 743762293
116858066 345722083
58063191 729287464
326124791 732288173
529475421 785054099
45327242 796914262
133645710 454005006
95907809 937684560
256020698 785943121
266721879 535582088
371397229 391939541
166120722 813809086
406804875 976789002
115637747 388293158
530078317 860403123
151851937 456660604
135194244 403611535
396966001 522606874
18778439 84139002
458634274 912611024
112397301 771697682
68908668 869830728
301812083 978838194
534925238 831456988
49564373 344579230
469212734 660266137
214283334 231275440
279445323 596415246
405035313 819293121
186109817 352761161
125816384 655638476
32505655 965669983
33026252 704194898
414927656 865277314
173315737 309413577
558237135 915936153
118512163 357885557
159293927 872977255
375693056 949696890
433105919 737639668
254398503 725295104
185965595 737228041
680823947 827971836
404480104 922027590
18971279 927002773
546667546 712305255
155361059 775896466
388735534 536032280
292994288 594668471
419657612 564147770
23438893 676880099
597847219 775878048
544754245 724446418
627150994 712148325
630410535 839379890
526323207 994914487
783225532 962360244
23358257 430837290
567894756 747457441
197935481 664754273
255849400 713253465
600308107 821904088
265407664 962753714
303058713 850780314
487338386 620543288
293328372 766386033
576998001 805766066
59572238 507173770
157219660 746024057
213929574 520345986
732124192 823575606
490160571 834922703
817347938 942473525
39193715 808116641
273425591 413195099
623187251 884272798
43954581 792650750
239193211 500282985
125520478 383956368
818663386 989672404
533161799 552326393
156949746 337601543
18720212 273839808
585161492 988810544
275351936 616903659
290686020 718012086
219827953 732491871
4924514 730662360
341043773 926215116
137925647 885860257
782821807 816915981
200467396 868208679
557245862 575103070
226484798 381341636
69960310 273525943
193613489 659384311
881092645 889642737
196712234 423636748
202440871 440090940
647729710 867128291
712436685 913764848
299540767 812529715
16751591 763905563
560942658 823723524
146284091 950116642
304466262 664202988
124522877 937367239
339478554 944278290
140389880 571250979
247649731 681861841
47247238 832868834
526724395 963088019
361720850 475222577
139372533 649986829
405963769 680527241
489554407 680287063
204279090 467776186
128515236 252016497
612357919 990445641
897421966 996181078
124917100 348130224
434645709 519818951
156674814 275658295
110389509 427296823
281325661 650291501
315700928 818273429
42114002 257025678
113924249 478364610
718425034 940146599
386594429 635059621
190665204 631050091
593704146 655280073
625558607 670730026
62137374 893751177
391564132 455067625
555282033 709136670
146951525 148827126
311189248 608036499
386991838 775938619
310054439 471959604
144247372 399985429
172669241 565981543
396773029 527261154
306814628 633917199
228582853 619247753
597562181 800952877
564397694 605915302
371245012 682685693
300612617 763324626
351018945 674007555
231011108 294820296
155890132 313145958
445121570 748933338
936768612 979025097
155454513 917811956
543694419 870894777
193214159 203624237
489667236 495507165
408653422 903141195
282189880 296643575
266380169 568669667
174975048 992937253
538791839 663350279
189010400 209429135
263390480 752689950
164200220 547415036
694707819 901687007
3348271 631054868
351265542 505699612
355075530 849724095
277172218 433894541
824121256 839985710
107181689 751980285
123528747 180502775
407384890 427957002
162510366 254026653
299791217 727644105
760143031 900519796
444752517 489888718
400162601 791396681
587811467 655066184
989555364 992493090
16101139 518900615
462015950 989561915
691724908 739509288
608757325 661766987
112984042 300689131
584932533 613764982
314931604 805115319
164109134 686088116
462793121 706100019
544332708 760305436
596281403 805656266
8954973 728726090
790558981 924738115
196757348 546607687
256043607 586623579
93582835 925277416
230410766 597009359
421788293 786260405
531562640 893889796
559147294 705860361
235064633 400245523
53806238 780186762
7895323 114640051
271688835 777142227
389877276 816123791
383475367 896079029
16359544 137006897
365083508 933219665
8431690 463562708
377650432 574579075
4651806 276054545
423987524 694843510
286726729 383669175
945034042 949395114
166862634 717567046
64967560 165147953
225631696 333981332
374714287 453646461
37654330 950524947
351779403 645189026
101551217 741160002
15195 298787725
93736606 496373220
159498076 539038972
550651484 735131690
20262009 343973280
158321060 508882351
602499279 980352886
337136511 438473049
12310547 620220327
722219968 837169235
525875 293809541
27957421 951233504
524803354 951017116
122662077 588030365
43859623 797892494
357591336 457199916
145733399 514036855
204175838 565551644
83035584 368476399
161460374 173605967
136762862 589650909
808460519 973529374
324664081 547275722
638606829 642741273
121804221 778234227
504460310 520470156
144153837 485836298
610201291 768848173
283702113 350185263
511165493 563154313
8098871 529680017
475263444 682985727
267558122 274808262
378976662 886785192
731513081 920902383
192093592 192255553
11601702 402825254
374172118 989821529
228240550 873414076
210473193 740461974
591354433 627390872
345124193 535448913
325628944 646791993
392272529 803940555
123598504 537980800
548705788 697649476
411609301 672167516
598194566 796659500
417893851 905490278
26665220 294478146
501481167 909353898
466576548 578202669
562153368 819273990
135753882 513630336
405274134 464290874
410288861 938832576
481858270 641383128
693611092 711777886
42015463 65948131
661331716 669733452
387444501 505463796
408812857 586605990
42909890 767514728
24359991 655483141
324430015 715454384
97916544 119554875
70593451 482153317
551871160 706507802
113769842 418854004
227926666 542551780
21939226 170271144
288359759 612206898
331927953 354384152
166590783 883724542
22196526 828520447
791012505 854875793
152636317 583081710
87038526 365973395
146485120 560658300
191371743 380942606
152404980 371059146
7152713 293239598
348072358 951853183
231992876 865867645
446116777 849624825
561982397 721068170
548229075 604302912
192249181 729655740
137538718 169921240
536054763 845276856
673721875 770422047
280154196 806401514
744067339 985583525
400361118 993696613
432370894 591038001
238726521 434578781
237424600 237910550
110269710 719954002
425986403 667758674
453486277 647797775
88084776 524914238
549152953 834048641
678758716 965493231
288623434 522940632
11545546 489976092
31440231 405833117
722220529 977377410
504558934 645693211
457692898 470478628
42824748 109461582
33457918 941654238
306674596 433027064
785200999 930777824
560044303 816875163
166893003 169971328
551636228 869737730
303845326 911289848
576660106 712317907
36963137 105112513
156052565 231083602
546014938 664191858
410893272 639445511
777622875 869724470
39954956 998005630
267404452 779792309
65891926 972787499
760773815 875935594
318303969 494607979
119022004 218196285
482641454 764889532
565581880 772276673
211318879 317423106
358947438 534687799
189165563 727196726
96240613 789284615
886573304 902914667
373626401 674244590
6559567 888681647
55498758 636959247
5221698 614833388
132154200 138024970
479743003 919893879
713267281 813840996
46923053 744122038
811347710 992280752
418264628 975283128
66910963 615511218
168376769 548572927
506681501 802759533
524740644 870409304
268965713 687310772
634536310 922939796
282230323 424771147
5224509 335506764
490045649 644307375
593440243 661259317
462266979 856767459
246414435 817356823
271119146 818188689
273175323 903903926
120547869 978945699
690589088 719877529
164708888 177672702
83749821 886215221
856640198 954742698
225127021 906492429
198956745 411539994
515907746 607849025
111621313 362139368
281848918 407661530
646590072 956322232
839202535 953221016
178896237 622321692
313656434 932030549
269143624 479282059
274333113 290168419
494085379 702920003
169594483 327928893
164621906 227232693
529407351 696213625
122337584 503865697
721890267 848130316
151634002 286869585
484073761 779864966
2596889 518876603
266346041 985997806
196710083 324607318
260405254 839639626
540076678 659203787
402754782 549908763
464322716 769338236
422573616 746363956
864966264 906636290
8413626 199487891
500312035 766305825
484916718 715026238
541764971 843363785
13732908 924752662
673752518 929485729
660830029 723234793
294922434 685443742
414718889 736153521
190592533 479143178
178440508 514003920
89318980 756448984
169166441 949171360
811697661 962909920
130517208 808407611
213083574 743450019
445509467 759015524
65715789 335647270
712620732 774681044
465892478 485783714
65648838 257532191
262020199 625805616
369886646 810831341
72049772 409535965
800971198 813167301
846927119 864662749
215297008 283531135
387524942 575633909
818402878 820244590
691234581 916386402
488665242 556341689
126843042 681114554
28777207 224906863
437058579 446624205
346539967 933328311
316999200 907764835
64614349 801134223
228906920 967683228
633876902 827083390
563518771 831168854
494839081 994965167
282832815 848219436
440542856 752269847
233291165 695168914
313023568 387205680
605291569 899460445
553073565 662362662
426154616 874531407
564304404 979566651
114778864 124004516
483733743 935514658
479783599 756727553
152014144 806042079
523374389 770338902
720338560 992752833
483535032 989371834
447634352 709029526
826810475 869239886
4463092 216209328
318746406 745305493
682777308 768528043
177174862 875067355
75138451 566093847
529181854 807048976
54971443 191682826
469765839 848042260
449063765 978987740
62934280 965401869
305547200 336879472
210925235 685317331
227984388 917619335
126158445 316559072
31267697 657838165
366655653 873588906
820515350 887672352
43579587 701628313
317911416 972356698
424190370 929149168
415669339 946952521
20459396 567186871
230073980 830252352
163903424 470164690
178179606 485265718
213562084 427229967
88480253 845751205
537898220 556920514
622795681 794722539
109818433 425623885
392804288 551219764
268493737 630859278
115506364 514137346
224484753 275837820
151844444 676919760
289892684 403155086
563116935 594752461
79504443 498412203
134324923 711458738
53781723 274026249
54686497 402457217
102000067 645710451
900577239 994354180
17072111 648080475
640004325 685080747
370144594 847093772
9492 807522757
634441977 977913218
175319284 756420197
454298019 602567006
832034217 954108053
163977886 975630813
76586846 698376831
275749918 293796444
390175571 955059682
193063256 495698783
561115998 857560183
445548520 899136069
37637345 567554807
91803151 548119590
504537052 741869839
241785333 368926843
608039781 667558213
265599887 433822407
77581705 764913736
142717636 759166791
220341127 542855779
848997305 934202692
750399218 768824929
75578218 143907289
517412602 943254525
22880785 830405015
211699745 240583153
272753731 454402279
657193968 803536700
119820299 378462919
314590949 627388417
27374451 606613737
164852466 951694037
380547765 656037528
826709961 895019719
25163824 109474965
277377193 323029124
242104876 275049911
266619040 575392144
282718002 756071779
499933621 980372858
189800102 527228864
466295650 720410820
269143259 419334432
464283800 836342414
452490533 881633641
716794732 962759289
111318477 471025819
186992759 766598460
199714557 790089706
900836683 963494027
17821584 779038930
265187918 990267913
43706600 312326668
445036553 742051913
274484719 785516802
122630818 248501247
813101032 900087188
698204165 745971567
313236895 371007058
362983413 469379657
128150992 661498369
323202501 830352279
579270220 622343996
436095508 733581485
147573253 218941517
411618775 936173969
315090995 526945923
818991738 971006522
243796508 758609731
700514827 745837776
628298034 861160829
340038979 916565187
246564223 502078364
517806597 981042929
300492409 638789606
49285925 515279976
72121396 603180602
355112259 734860921
130625296 788825041
318913361 366004857
454147225 852914240
67071813 879629342
67577981 918069846
790067124 976169617
287522631 760998645
608764381 693707026
229318679 731997597
662164071 801810333
935625785 993554434
471735171 745469744
351013357 555605892
7081875 744735306
541159230 608970676
553386695 899298990
459304169 627636164
306162534 621551029
275299107 565054347
374424437 413668235
656962183 808806608
630897721 639805350
502563036 869276293
172242404 218473485
540748006 943327253
482372874 836929104
468584625 619352036
476956370 721686013
304648513 481593769
542897739 638497035
345855059 487371248
696708097 820825053
343550887 440588958
477178051 916385438
673248320 915839662
397984753 981637112
270582181 301709566
105172455 715657113
549335248 552294862
413753186 585477094
100870820 119334380
462007784 865941932
526863756 684482579
307353366 435627379
21344200 691447979
485005550 825852258
163489868 416757753
7662982 730388431
695741609 768139384
100255371 622733539
254219844 964371874
36839017 730664556
439472046 674086657
396946764 592763185
25450298 294469569
80276112 744674851
663669844 773432271
298836796 545563210
222937333 685256117
36550250 311862708
49467330 654300227
324440378 391304311
145914759 887894979
331664704 506150535
418387882 762324805
330809828 933220957
614934662 695663069
310133156 837262821
33109120 977671958
172177623 590190655
107819064 110460960
282088776 900180558
856089722 933628081
106159922 389906977
414500602 840081232
24440266 208742090
712019069 814763367
465388065 661244421
411913828 424047021
8515644 730906473
137656492 357014365
295829317 438301179
865285200 924336469
661449586 745521095
128988064 656719455
85241011 90281487
515203541 670256640
789923033 819246864
518275641 951706454
476767695 872343239
585544422 884404976
501933 298904729
708539806 945441658
182417241 203563228
14334427 126728238
143640407 961957127
630555461 815755673
357684996 450978519
6066594 836711580
317575040 386605401
348047415 754857987
268401824 487558021
84886771 274822626
374653356 774142037
139441141 392964071
276964137 283385437
63235292 261965437
477619095 563391876
7818212 853235262
441349575 725799076
13105176 523916493
160693731 362106228
309116166 976852559
943697496 991333953
39310895 452795921
257438127 959574451
58353013 286456811
287387180 593369781
142126770 336102526
500618297 908527472
302298623 941899956
413995905 598167232
237550193 556824948
330825381 531920998
33867963 895122831
336072048 413643221
68224411 681684664
